[gd_scene load_steps=21 format=2]

[ext_resource path="res://Player/Player3D/Parts/Part3D.tscn" type="PackedScene" id=1]
[ext_resource path="res://Player/Player3D/Prefabs/HandsPrefab.tscn" type="PackedScene" id=2]
[ext_resource path="res://Player/Player3D/Parts/Arms/HumanArms/arm.png" type="Texture" id=3]
[ext_resource path="res://Player/Player3D/Parts/Arms/HumanArms/forearm.png" type="Texture" id=4]
[ext_resource path="res://Player/Player3D/Parts/AttachmentProxy.tscn" type="PackedScene" id=5]
[ext_resource path="res://Player/Player3D/Parts/PartStatePicker.tscn" type="PackedScene" id=6]
[ext_resource path="res://Player/Player3D/Parts/PartState.tscn" type="PackedScene" id=7]
[ext_resource path="res://Inventory/UnriggedModels/BondageMitten/bondagemitten.png" type="Texture" id=8]
[ext_resource path="res://Player/Player3D/Parts/MeshWithPattern.gd" type="Script" id=10]

[sub_resource type="SpatialMaterial" id=77]
resource_name = "arm.png.001"
flags_transparent = true
flags_unshaded = true
vertex_color_use_as_albedo = true
params_cull_mode = 2
params_depth_draw_mode = 3
albedo_texture = ExtResource( 3 )

[sub_resource type="ArrayMesh" id=19]
resource_name = "DollSkeleton_armpng003"
surfaces/0 = {
"aabb": AABB( -0.144165, 4.38865, 0.405854, 0.64, 2.56, 1.00136e-05 ),
"array_data": PoolByteArray( 2, 160, 19, 190, 201, 111, 140, 64, 20, 204, 207, 62, 0, 0, 127, 63, 0, 0, 0, 60, 4, 0, 0, 0, 255, 255, 0, 0, 0, 0, 0, 0, 19, 222, 253, 62, 201, 111, 140, 64, 20, 204, 207, 62, 0, 0, 127, 63, 0, 60, 0, 60, 4, 0, 0, 0, 255, 255, 0, 0, 0, 0, 0, 0, 19, 222, 253, 62, 78, 91, 222, 64, 20, 204, 207, 62, 0, 0, 127, 63, 0, 60, 0, 0, 4, 0, 0, 0, 255, 255, 0, 0, 0, 0, 0, 0, 2, 160, 19, 190, 78, 91, 222, 64, 20, 204, 207, 62, 0, 0, 127, 63, 0, 0, 0, 0, 4, 0, 0, 0, 255, 255, 0, 0, 0, 0, 0, 0 ),
"array_index_data": PoolByteArray( 0, 0, 2, 0, 1, 0, 0, 0, 3, 0, 2, 0 ),
"blend_shape_data": [  ],
"format": 2194903,
"index_count": 6,
"material": SubResource( 77 ),
"primitive": 4,
"skeleton_aabb": [ AABB( 0, 0, 0, -1, -1, -1 ), AABB( 0, 0, 0, -1, -1, -1 ), AABB( 0, 0, 0, -1, -1, -1 ), AABB( 0, 0, 0, -1, -1, -1 ), AABB( -0.144165, 4.38865, 0.405854, 0.64, 2.56, 1.00136e-05 ) ],
"vertex_count": 4
}

[sub_resource type="Skin" id=20]
resource_name = "Skin"
bind_count = 22
bind/0/name = "Hips"
bind/0/bone = -1
bind/0/pose = Transform( -0.994309, -0.106533, 2.32167e-08, -0.106533, 0.994309, -3.96619e-08, -2.99965e-08, -4.15056e-09, -1, 0.52595, -4.30199, 1.9926e-08 )
bind/1/name = "Chest"
bind/1/bone = -1
bind/1/pose = Transform( -0.997932, 0.0642847, -6.12767e-09, 0.0642847, 0.997931, -3.69649e-08, -7.39851e-09, 4.76596e-10, -1, -0.33469, -5.027, -3.14128e-09 )
bind/2/name = "Neck"
bind/2/bone = -1
bind/2/pose = Transform( -0.985348, -0.170501, -0.0044623, -0.170503, 0.985357, -3.93484e-08, 0.00439695, 0.000760832, -0.99999, 1.21785, -6.50506, -0.00543445 )
bind/3/name = "Head"
bind/3/bone = -1
bind/3/pose = Transform( -0.998473, 2.23357e-08, -0.0552458, 2.37663e-08, 1, -3.7394e-08, 0.0552458, -1.70221e-09, -0.998473, 0.0449182, -6.88278, -0.00248533 )
bind/4/name = "Arm.L"
bind/4/bone = -1
bind/4/pose = Transform( 0.999108, 0.0423075, 6.14439e-09, 0.0423077, -0.999105, 3.74071e-08, -3.41576e-09, 6.45247e-10, -1, -0.431848, 6.2417, 0.38753 )
bind/5/name = "ForeArm.L"
bind/5/bone = -1
bind/5/pose = Transform( 0.955304, -0.295635, -8.71781e-08, -0.295636, -0.955301, 3.27786e-08, -1.04109e-07, 3.22185e-08, -1, 1.25638, 4.81044, 0.38753 )
bind/6/name = "Hand.L"
bind/6/bone = -1
bind/6/pose = Transform( 0.998911, -0.0467251, 6.04792e-09, -0.0467252, -0.998908, 3.71973e-08, -6.83402e-09, 3.19668e-10, -1, 0.30201, 3.84566, 0.38753 )
bind/7/name = "Arm.R"
bind/7/bone = -1
bind/7/pose = Transform( 0.999109, 0.0423075, 6.1444e-09, 0.0423078, -0.999105, 3.74071e-08, -3.41576e-09, 6.45247e-10, -1, -0.331938, 6.24593, -0.354205 )
bind/8/name = "ForeArm.R"
bind/8/bone = -1
bind/8/pose = Transform( 0.955305, -0.295635, -4.97861e-08, -0.295637, -0.955301, 3.27786e-08, -6.83888e-08, 2.11641e-08, -1, 1.35191, 4.78088, -0.354206 )
bind/9/name = "Hand.R"
bind/9/bone = -1
bind/9/pose = Transform( 0.998912, -0.0467251, -1.40531e-09, -0.0467252, -0.998908, 3.71973e-08, -1.42791e-08, 6.67923e-10, -1, 0.401901, 3.84099, -0.354205 )
bind/10/name = "LegUpper.L"
bind/10/bone = -1
bind/10/pose = Transform( 0.998727, 0.0523476, -8.3476e-09, 0.0523371, -0.998629, 5.65495e-08, -1.6569e-08, -1.91544e-08, -1, -0.371637, 3.98764, 0.238884 )
bind/11/name = "LegDown.L"
bind/11/bone = -1
bind/11/pose = Transform( 0.999289, 0.040219, -1.27741e-08, 0.0402074, -0.999191, 2.11623e-08, -2.31058e-08, 1.60957e-08, -1, -0.346262, 2.09207, 0.238884 )
bind/12/name = "Foot.L"
bind/12/bone = -1
bind/12/pose = Transform( 0.486096, -0.873925, 1.07538e-06, -0.874017, -0.486062, 8.57066e-09, 5.04056e-07, -9.06214e-07, -1, 0.147733, 0.462404, 0.238884 )
bind/13/name = "Penis"
bind/13/bone = -1
bind/13/pose = Transform( 1.71363e-07, -1, -3.13916e-07, -1, -2.98023e-07, -1.11372e-08, -6.73697e-14, 3.51675e-07, -1, 3.88283, -0.256576, -1.36621e-06 )
bind/14/name = "Tail1"
bind/14/bone = -1
bind/14/pose = Transform( 0.707107, 0.707107, 5.26836e-09, 0.707107, -0.707106, 3.45748e-08, 1.70362e-08, 1.70362e-08, -1, -3.49697, 2.72398, -8.49116e-08 )
bind/15/name = "Tail2"
bind/15/bone = -1
bind/15/pose = Transform( 0.707107, 0.707107, -6.32203e-08, 0.707107, -0.707106, 3.45748e-08, -3.13926e-08, -3.13926e-08, -1, -3.49697, 1.55751, 1.54591e-07 )
bind/16/name = "Tail3"
bind/16/bone = -1
bind/16/pose = Transform( 0.707107, 0.707107, 6.84886e-08, 0.707107, -0.707107, 3.45748e-08, 6.17396e-08, 6.17396e-08, -1, -3.49697, 0.335625, -3.05991e-07 )
bind/17/name = "Tail4"
bind/17/bone = -1
bind/17/pose = Transform( 0.707107, 0.707107, 6.84887e-08, 0.707107, -0.707106, 3.45748e-08, 6.17397e-08, 6.17397e-08, -1, -3.49697, -0.901812, -3.05991e-07 )
bind/18/name = "Tail5"
bind/18/bone = -1
bind/18/pose = Transform( 0.707107, 0.707107, -1.2644e-07, 0.707107, -0.707106, 3.45748e-08, -7.60961e-08, -7.60961e-08, -1, -3.49697, -2.11139, 3.7567e-07 )
bind/19/name = "LegUpper.R"
bind/19/bone = -1
bind/19/pose = Transform( 0.998727, 0.0523475, -1.58019e-08, 0.0523371, -0.998629, 4.0865e-08, -2.4777e-08, -3.87699e-09, -1, -0.271764, 3.99287, -0.209835 )
bind/20/name = "LegDown.R"
bind/20/bone = -1
bind/20/pose = Transform( 0.999289, 0.040219, -2.02282e-08, 0.0402074, -0.999191, 2.96705e-08, -3.01548e-08, 7.29915e-09, -1, -0.246333, 2.09609, -0.209835 )
bind/21/name = "Foot.R"
bind/21/bone = -1
bind/21/pose = Transform( 0.486096, -0.873925, 4.58786e-07, -0.874017, -0.486062, -1.14923e-08, 2.21924e-07, -3.57599e-07, -1, 0.196343, 0.375003, -0.209835 )

[sub_resource type="ArrayMesh" id=21]
resource_name = "DollSkeleton_armpng002"
surfaces/0 = {
"aabb": AABB( -0.244165, 4.38865, -0.339218, 0.64, 2.56, 1.00136e-05 ),
"array_data": PoolByteArray( 104, 6, 122, 190, 201, 111, 140, 64, 242, 173, 173, 190, 0, 0, 127, 63, 0, 0, 0, 60, 7, 0, 0, 0, 255, 255, 0, 0, 0, 0, 0, 0, 224, 170, 202, 62, 201, 111, 140, 64, 242, 173, 173, 190, 0, 0, 127, 63, 0, 60, 0, 60, 7, 0, 0, 0, 255, 255, 0, 0, 0, 0, 0, 0, 224, 170, 202, 62, 78, 91, 222, 64, 242, 173, 173, 190, 0, 0, 127, 63, 0, 60, 0, 0, 7, 0, 0, 0, 255, 255, 0, 0, 0, 0, 0, 0, 104, 6, 122, 190, 78, 91, 222, 64, 242, 173, 173, 190, 0, 0, 127, 63, 0, 0, 0, 0, 7, 0, 0, 0, 255, 255, 0, 0, 0, 0, 0, 0 ),
"array_index_data": PoolByteArray( 0, 0, 2, 0, 1, 0, 0, 0, 3, 0, 2, 0 ),
"blend_shape_data": [  ],
"format": 2194903,
"index_count": 6,
"material": SubResource( 77 ),
"primitive": 4,
"skeleton_aabb": [ AABB( 0, 0, 0, -1, -1, -1 ), AABB( 0, 0, 0, -1, -1, -1 ), AABB( 0, 0, 0, -1, -1, -1 ), AABB( 0, 0, 0, -1, -1, -1 ), AABB( 0, 0, 0, -1, -1, -1 ), AABB( 0, 0, 0, -1, -1, -1 ), AABB( 0, 0, 0, -1, -1, -1 ), AABB( -0.244165, 4.38865, -0.339218, 0.64, 2.56, 1.00136e-05 ) ],
"vertex_count": 4
}

[sub_resource type="SpatialMaterial" id=82]
resource_name = "forearm.png.001"
flags_transparent = true
flags_unshaded = true
vertex_color_use_as_albedo = true
params_cull_mode = 2
params_depth_draw_mode = 3
albedo_texture = ExtResource( 4 )

[sub_resource type="ArrayMesh" id=22]
resource_name = "DollSkeleton_forearmpng003"
surfaces/0 = {
"aabb": AABB( -0.572433, 3.17222, 0.395528, 1.28, 2.56, 1.00136e-05 ),
"array_data": PoolByteArray( 242, 138, 18, 191, 150, 5, 75, 64, 152, 130, 202, 62, 0, 0, 127, 63, 0, 0, 0, 60, 5, 0, 0, 0, 255, 255, 0, 0, 0, 0, 0, 0, 34, 35, 53, 63, 150, 5, 75, 64, 152, 130, 202, 62, 0, 0, 127, 63, 0, 60, 0, 60, 5, 0, 0, 0, 255, 255, 0, 0, 0, 0, 0, 0, 34, 35, 53, 63, 80, 110, 183, 64, 152, 130, 202, 62, 0, 0, 127, 63, 0, 60, 0, 0, 5, 0, 0, 0, 255, 255, 0, 0, 0, 0, 0, 0, 242, 138, 18, 191, 80, 110, 183, 64, 152, 130, 202, 62, 0, 0, 127, 63, 0, 0, 0, 0, 5, 0, 0, 0, 255, 255, 0, 0, 0, 0, 0, 0 ),
"array_index_data": PoolByteArray( 0, 0, 2, 0, 1, 0, 0, 0, 3, 0, 2, 0 ),
"blend_shape_data": [  ],
"format": 2194903,
"index_count": 6,
"material": SubResource( 82 ),
"primitive": 4,
"skeleton_aabb": [ AABB( 0, 0, 0, -1, -1, -1 ), AABB( 0, 0, 0, -1, -1, -1 ), AABB( 0, 0, 0, -1, -1, -1 ), AABB( 0, 0, 0, -1, -1, -1 ), AABB( 0, 0, 0, -1, -1, -1 ), AABB( -0.572433, 3.17222, 0.395528, 1.28, 2.56, 1.00136e-05 ) ],
"vertex_count": 4
}

[sub_resource type="ArrayMesh" id=23]
resource_name = "DollSkeleton_forearmpng002"
surfaces/0 = {
"aabb": AABB( -0.672433, 3.17222, -0.359544, 1.28, 2.56, 1.00136e-05 ),
"array_data": PoolByteArray( 140, 36, 44, 191, 150, 5, 75, 64, 38, 22, 184, 190, 0, 0, 127, 63, 0, 0, 0, 60, 8, 0, 0, 0, 255, 255, 0, 0, 0, 0, 0, 0, 136, 137, 27, 63, 150, 5, 75, 64, 38, 22, 184, 190, 0, 0, 127, 63, 0, 60, 0, 60, 8, 0, 0, 0, 255, 255, 0, 0, 0, 0, 0, 0, 136, 137, 27, 63, 80, 110, 183, 64, 38, 22, 184, 190, 0, 0, 127, 63, 0, 60, 0, 0, 8, 0, 0, 0, 255, 255, 0, 0, 0, 0, 0, 0, 140, 36, 44, 191, 80, 110, 183, 64, 38, 22, 184, 190, 0, 0, 127, 63, 0, 0, 0, 0, 8, 0, 0, 0, 255, 255, 0, 0, 0, 0, 0, 0 ),
"array_index_data": PoolByteArray( 0, 0, 2, 0, 1, 0, 0, 0, 3, 0, 2, 0 ),
"blend_shape_data": [  ],
"format": 2194903,
"index_count": 6,
"material": SubResource( 82 ),
"primitive": 4,
"skeleton_aabb": [ AABB( 0, 0, 0, -1, -1, -1 ), AABB( 0, 0, 0, -1, -1, -1 ), AABB( 0, 0, 0, -1, -1, -1 ), AABB( 0, 0, 0, -1, -1, -1 ), AABB( 0, 0, 0, -1, -1, -1 ), AABB( 0, 0, 0, -1, -1, -1 ), AABB( 0, 0, 0, -1, -1, -1 ), AABB( 0, 0, 0, -1, -1, -1 ), AABB( -0.672433, 3.17222, -0.359544, 1.28, 2.56, 1.00136e-05 ) ],
"vertex_count": 4
}

[sub_resource type="SpatialMaterial" id=26]
resource_name = "hand.png.001"
flags_transparent = true
flags_unshaded = true
vertex_color_use_as_albedo = true
params_cull_mode = 2
params_depth_draw_mode = 3
albedo_texture = ExtResource( 8 )

[sub_resource type="ArrayMesh" id=27]
resource_name = "DollSkeleton_handpng003"
surfaces/0 = {
"aabb": AABB( -0.458191, 2.9371, 0.388036, 0.64, 1.28, 1.00136e-05 ),
"array_data": PoolByteArray( 14, 152, 234, 190, 101, 249, 59, 64, 157, 172, 198, 62, 0, 0, 127, 63, 0, 0, 0, 60, 6, 0, 0, 0, 255, 255, 0, 0, 0, 0, 0, 0, 12, 44, 58, 62, 101, 249, 59, 64, 157, 172, 198, 62, 0, 0, 127, 63, 0, 60, 0, 60, 6, 0, 0, 0, 255, 255, 0, 0, 0, 0, 0, 0, 12, 44, 58, 62, 117, 242, 134, 64, 157, 172, 198, 62, 0, 0, 127, 63, 0, 60, 0, 0, 6, 0, 0, 0, 255, 255, 0, 0, 0, 0, 0, 0, 14, 152, 234, 190, 117, 242, 134, 64, 157, 172, 198, 62, 0, 0, 127, 63, 0, 0, 0, 0, 6, 0, 0, 0, 255, 255, 0, 0, 0, 0, 0, 0 ),
"array_index_data": PoolByteArray( 0, 0, 2, 0, 1, 0, 0, 0, 3, 0, 2, 0 ),
"blend_shape_data": [  ],
"format": 2194903,
"index_count": 6,
"material": SubResource( 26 ),
"primitive": 4,
"skeleton_aabb": [ AABB( 0, 0, 0, -1, -1, -1 ), AABB( 0, 0, 0, -1, -1, -1 ), AABB( 0, 0, 0, -1, -1, -1 ), AABB( 0, 0, 0, -1, -1, -1 ), AABB( 0, 0, 0, -1, -1, -1 ), AABB( 0, 0, 0, -1, -1, -1 ), AABB( -0.458191, 2.9371, 0.388036, 0.64, 1.28, 1.00136e-05 ) ],
"vertex_count": 4
}

[sub_resource type="SpatialMaterial" id=28]
resource_name = "hand.png.001"
flags_transparent = true
flags_unshaded = true
vertex_color_use_as_albedo = true
params_cull_mode = 2
params_depth_draw_mode = 3
albedo_texture = ExtResource( 8 )

[sub_resource type="ArrayMesh" id=29]
resource_name = "DollSkeleton_handpng002"
surfaces/0 = {
"aabb": AABB( -0.558191, 2.9371, -0.372042, 0.64, 1.28, 1.00136e-05 ),
"array_data": PoolByteArray( 160, 229, 14, 191, 101, 249, 59, 64, 60, 124, 190, 190, 0, 0, 127, 63, 0, 0, 0, 60, 9, 0, 0, 0, 255, 255, 0, 0, 0, 0, 0, 0, 80, 139, 167, 61, 101, 249, 59, 64, 60, 124, 190, 190, 0, 0, 127, 63, 0, 60, 0, 60, 9, 0, 0, 0, 255, 255, 0, 0, 0, 0, 0, 0, 80, 139, 167, 61, 117, 242, 134, 64, 60, 124, 190, 190, 0, 0, 127, 63, 0, 60, 0, 0, 9, 0, 0, 0, 255, 255, 0, 0, 0, 0, 0, 0, 160, 229, 14, 191, 117, 242, 134, 64, 60, 124, 190, 190, 0, 0, 127, 63, 0, 0, 0, 0, 9, 0, 0, 0, 255, 255, 0, 0, 0, 0, 0, 0 ),
"array_index_data": PoolByteArray( 0, 0, 2, 0, 1, 0, 0, 0, 3, 0, 2, 0 ),
"blend_shape_data": [  ],
"format": 2194903,
"index_count": 6,
"material": SubResource( 28 ),
"primitive": 4,
"skeleton_aabb": [ AABB( 0, 0, 0, -1, -1, -1 ), AABB( 0, 0, 0, -1, -1, -1 ), AABB( 0, 0, 0, -1, -1, -1 ), AABB( 0, 0, 0, -1, -1, -1 ), AABB( 0, 0, 0, -1, -1, -1 ), AABB( 0, 0, 0, -1, -1, -1 ), AABB( 0, 0, 0, -1, -1, -1 ), AABB( 0, 0, 0, -1, -1, -1 ), AABB( 0, 0, 0, -1, -1, -1 ), AABB( -0.558191, 2.9371, -0.372042, 0.64, 1.28, 1.00136e-05 ) ],
"vertex_count": 4
}

[node name="HumanArms" instance=ExtResource( 1 )]

[node name="PartStatePicker3" parent="." index="0" instance=ExtResource( 6 )]
state = "armalpha"

[node name="PartState" parent="PartStatePicker3" index="0" instance=ExtResource( 7 )]

[node name="armpng" type="MeshInstance" parent="PartStatePicker3/PartState" index="0"]
mesh = SubResource( 19 )
skin = SubResource( 20 )
skeleton = NodePath("../../..")
material/0 = SubResource( 77 )
script = ExtResource( 10 )
pattern_start = Vector2( 0.125, 3 )
pattern_size = Vector2( 0.25, 1 )
bodypartSlot = "arms"

[node name="armpng001" type="MeshInstance" parent="PartStatePicker3/PartState" index="1"]
mesh = SubResource( 21 )
skin = SubResource( 20 )
skeleton = NodePath("../../..")
material/0 = SubResource( 77 )
script = ExtResource( 10 )
pattern_start = Vector2( 0.125, 3 )
pattern_size = Vector2( 0.25, 1 )
bodypartSlot = "arms"

[node name="forearmpng" type="MeshInstance" parent="PartStatePicker3/PartState" index="2"]
mesh = SubResource( 22 )
skin = SubResource( 20 )
skeleton = NodePath("../../..")
material/0 = SubResource( 82 )
script = ExtResource( 10 )
pattern_start = Vector2( 0.5, 3 )
pattern_size = Vector2( 0.5, 1 )
bodypartSlot = "arms"

[node name="forearmpng001" type="MeshInstance" parent="PartStatePicker3/PartState" index="3"]
mesh = SubResource( 23 )
skin = SubResource( 20 )
skeleton = NodePath("../../..")
material/0 = SubResource( 82 )
script = ExtResource( 10 )
pattern_start = Vector2( 0.5, 3 )
pattern_size = Vector2( 0.5, 1 )
bodypartSlot = "arms"

[node name="PartState2" parent="PartStatePicker3" index="1" instance=ExtResource( 7 )]
stateValue = "hidearms"

[node name="HandsPrefab" parent="." index="1" instance=ExtResource( 2 )]

[node name="AttachmentProxy" parent="." index="2" instance=ExtResource( 5 )]
transform = Transform( 0.98213, 0.188204, 0, -0.188204, 0.98213, 0, 0, 0, 1, -0.127511, 3.91339, 0.419232 )
boneId = "ForeArm.L"
zoneName = "wrist.L"

[node name="AttachmentProxy2" parent="." index="3" instance=ExtResource( 5 )]
transform = Transform( 0.98213, 0.188204, 0, -0.188204, 0.98213, 0, 0, 0, 1, -0.228, 3.913, -0.308372 )
boneId = "ForeArm.R"
zoneName = "wrist.R"

[node name="AttachmentProxy3" parent="." index="4" instance=ExtResource( 5 )]
transform = Transform( 1, 0, 0, 0, 1, 0, 0, 0, 1, -0.267793, 3.512, -0.300454 )
boneId = "Hand.R"
zoneName = "hand.R"

[node name="AttachmentProxy4" parent="." index="5" instance=ExtResource( 5 )]
transform = Transform( 1, 0, 0, 0, 1, 0, 0, 0, 1, -0.168, 3.512, 0.461841 )
boneId = "Hand.L"
zoneName = "hand.L"

[node name="PartStatePicker" parent="." index="6" instance=ExtResource( 6 )]
state = "gloves"

[node name="PartState" parent="PartStatePicker" index="0" instance=ExtResource( 7 )]
visible = false
stateValue = "mittens"

[node name="handpng2" type="MeshInstance" parent="PartStatePicker/PartState" index="0"]
transform = Transform( 1, 0, 0, 0, 1, 0, 0, 0, 1, 0, 0, 0.0264019 )
mesh = SubResource( 27 )
skin = SubResource( 20 )
skeleton = NodePath("../../..")
material/0 = SubResource( 26 )

[node name="handpng002" type="MeshInstance" parent="PartStatePicker/PartState" index="1"]
transform = Transform( 1, 0, 0, 0, 1, 0, 0, 0, 1, 0, 0, 0.026 )
mesh = SubResource( 29 )
skin = SubResource( 20 )
skeleton = NodePath("../../..")
material/0 = SubResource( 26 )
