[gd_scene load_steps=9 format=2]

[ext_resource path="res://Player/Player3D/Parts/Part3D.tscn" type="PackedScene" id=1]
[ext_resource path="res://Player/Player3D/Parts/Horns/DemonHorns2/demonHorns2.png" type="Texture" id=2]
[ext_resource path="res://Player/Player3D/Parts/Horns/DemonHorns2/demonHorns2_pattern.png" type="Texture" id=3]
[ext_resource path="res://Player/Player3D/Parts/MeshWithPattern.gd" type="Script" id=4]

[sub_resource type="SpatialMaterial" id=1]
resource_name = "hornsDragon2.png.001"
flags_transparent = true
vertex_color_use_as_albedo = true
params_cull_mode = 2
params_depth_draw_mode = 3
metallic = 1.0

[sub_resource type="ArrayMesh" id=2]
resource_name = "DollSkeleton_hornsDragon2png001"
surfaces/0 = {
"aabb": AABB( -1.1236, 6.77856, 0.0815026, 2.56, 2.56, 9.99868e-06 ),
"array_data": PoolByteArray( 21, 210, 143, 191, 243, 233, 216, 64, 220, 234, 166, 61, 0, 0, 127, 63, 0, 0, 0, 60, 8, 0, 0, 0, 255, 255, 0, 0, 0, 0, 0, 0, 255, 219, 183, 63, 243, 233, 216, 64, 220, 234, 166, 61, 0, 0, 127, 63, 0, 60, 0, 60, 8, 0, 0, 0, 255, 255, 0, 0, 0, 0, 0, 0, 255, 219, 183, 63, 188, 106, 21, 65, 220, 234, 166, 61, 0, 0, 127, 63, 0, 60, 0, 0, 8, 0, 0, 0, 255, 255, 0, 0, 0, 0, 0, 0, 21, 210, 143, 191, 188, 106, 21, 65, 220, 234, 166, 61, 0, 0, 127, 63, 0, 0, 0, 0, 8, 0, 0, 0, 255, 255, 0, 0, 0, 0, 0, 0 ),
"array_index_data": PoolByteArray( 0, 0, 2, 0, 1, 0, 0, 0, 3, 0, 2, 0 ),
"blend_shape_data": [  ],
"format": 2194903,
"index_count": 6,
"material": SubResource( 1 ),
"primitive": 4,
"skeleton_aabb": [ AABB( 0, 0, 0, -1, -1, -1 ), AABB( 0, 0, 0, -1, -1, -1 ), AABB( 0, 0, 0, -1, -1, -1 ), AABB( 0, 0, 0, -1, -1, -1 ), AABB( 0, 0, 0, -1, -1, -1 ), AABB( 0, 0, 0, -1, -1, -1 ), AABB( 0, 0, 0, -1, -1, -1 ), AABB( 0, 0, 0, -1, -1, -1 ), AABB( -1.1236, 6.77856, 0.0815026, 2.56, 2.56, 9.99868e-06 ) ],
"vertex_count": 4
}

[sub_resource type="Skin" id=3]
resource_name = "Skin"
bind_count = 29
bind/0/name = "Hips"
bind/0/bone = -1
bind/0/pose = Transform( -0.994309, -0.106533, 2.32167e-08, -0.106533, 0.994309, -3.96619e-08, -2.99965e-08, -4.15056e-09, -1, 0.52595, -4.30199, 1.9926e-08 )
bind/1/name = "Chest"
bind/1/bone = -1
bind/1/pose = Transform( -0.997932, 0.0642847, -6.12767e-09, 0.0642847, 0.997931, -3.69649e-08, -7.39851e-09, 4.76596e-10, -1, -0.33469, -5.027, -3.14128e-09 )
bind/2/name = "DeformBreasts"
bind/2/bone = -1
bind/2/pose = Transform( 0.185831, -0.982581, 1.06011e-06, -0.982582, -0.185831, -8.44276e-08, 2.68822e-07, -9.88201e-07, -1, 5.83632, 0.889687, 5.82971e-06 )
bind/3/name = "Nipples"
bind/3/bone = -1
bind/3/pose = Transform( -0.224226, -0.974537, 1.14143e-06, -0.974537, 0.224226, 1.08067e-08, -2.77608e-07, -1.07219e-06, -1, 5.45319, -2.09698, 5.867e-06 )
bind/4/name = "Arm.L"
bind/4/bone = -1
bind/4/pose = Transform( 0.999108, 0.0423075, 6.14439e-09, 0.0423077, -0.999105, 3.74071e-08, -3.41576e-09, 6.45247e-10, -1, -0.431848, 6.2417, 0.38753 )
bind/5/name = "ForeArm.L"
bind/5/bone = -1
bind/5/pose = Transform( 0.955304, -0.295635, -8.71781e-08, -0.295636, -0.955301, 3.27786e-08, -1.04109e-07, 3.22185e-08, -1, 1.25638, 4.81044, 0.38753 )
bind/6/name = "Hand.L"
bind/6/bone = -1
bind/6/pose = Transform( 0.998911, -0.0467251, 6.04792e-09, -0.0467252, -0.998908, 3.71973e-08, -6.83402e-09, 3.19668e-10, -1, 0.30201, 3.84566, 0.38753 )
bind/7/name = "Neck"
bind/7/bone = -1
bind/7/pose = Transform( -0.985348, -0.170501, -0.0044623, -0.170503, 0.985357, -3.93484e-08, 0.00439695, 0.000760832, -0.99999, 1.21785, -6.50506, -0.00543445 )
bind/8/name = "Head"
bind/8/bone = -1
bind/8/pose = Transform( -0.998473, 2.23357e-08, -0.0552458, 2.37663e-08, 1, -3.7394e-08, 0.0552458, -1.70221e-09, -0.998473, 0.0449182, -6.88278, -0.00248533 )
bind/9/name = "Arm.R"
bind/9/bone = -1
bind/9/pose = Transform( 0.999109, 0.0423075, 6.1444e-09, 0.0423078, -0.999105, 3.74071e-08, -3.41576e-09, 6.45247e-10, -1, -0.331938, 6.24593, -0.354205 )
bind/10/name = "ForeArm.R"
bind/10/bone = -1
bind/10/pose = Transform( 0.955305, -0.295635, -4.97861e-08, -0.295637, -0.955301, 3.27786e-08, -6.83888e-08, 2.11641e-08, -1, 1.35191, 4.78088, -0.354206 )
bind/11/name = "Hand.R"
bind/11/bone = -1
bind/11/pose = Transform( 0.998912, -0.0467251, -1.40531e-09, -0.0467252, -0.998908, 3.71973e-08, -1.42791e-08, 6.67923e-10, -1, 0.401901, 3.84099, -0.354205 )
bind/12/name = "LegUpper.R"
bind/12/bone = -1
bind/12/pose = Transform( 0.998975, 0.0450608, 1.14822e-08, 0.0450618, -0.998984, 4.10171e-08, 2.18167e-09, -2.6991e-09, -1, -0.242621, 3.99474, -0.209835 )
bind/13/name = "DeformThigh.R"
bind/13/bone = -1
bind/13/pose = Transform( 1.08032e-07, 1, 7.54979e-08, 0.99999, -1.45657e-06, 1.11371e-08, -2.26253e-14, 1.13257e-07, -1, -3.61767, -0.264871, -0.209836 )
bind/14/name = "LegDown.R"
bind/14/bone = -1
bind/14/pose = Transform( 0.998832, 0.0481118, -1.25364e-07, 0.0481128, -0.998842, 2.97481e-08, -1.34923e-07, 2.01383e-09, -1, -0.24902, 2.09474, -0.209835 )
bind/15/name = "Foot.R"
bind/15/bone = -1
bind/15/pose = Transform( 0.486087, -0.873909, 4.58786e-07, -0.8739, -0.48609, -1.14962e-08, 2.21919e-07, -3.5759e-07, -1, 0.19634, 0.374986, -0.209835 )
bind/16/name = "Tail1"
bind/16/bone = -1
bind/16/pose = Transform( 0.707107, 0.707107, 5.26836e-09, 0.707107, -0.707106, 3.45748e-08, 1.70362e-08, 1.70362e-08, -1, -3.49697, 2.72398, -8.49116e-08 )
bind/17/name = "Tail2"
bind/17/bone = -1
bind/17/pose = Transform( 0.707107, 0.707107, -6.32203e-08, 0.707107, -0.707106, 3.45748e-08, -3.13926e-08, -3.13926e-08, -1, -3.49697, 1.55751, 1.54591e-07 )
bind/18/name = "Tail3"
bind/18/bone = -1
bind/18/pose = Transform( 0.707107, 0.707107, 6.84886e-08, 0.707107, -0.707107, 3.45748e-08, 6.17396e-08, 6.17396e-08, -1, -3.49697, 0.335625, -3.05991e-07 )
bind/19/name = "Tail4"
bind/19/bone = -1
bind/19/pose = Transform( 0.707107, 0.707107, 6.84887e-08, 0.707107, -0.707106, 3.45748e-08, 6.17397e-08, 6.17397e-08, -1, -3.49697, -0.901812, -3.05991e-07 )
bind/20/name = "Tail5"
bind/20/bone = -1
bind/20/pose = Transform( 0.707107, 0.707107, -1.2644e-07, 0.707107, -0.707106, 3.45748e-08, -7.60961e-08, -7.60961e-08, -1, -3.49697, -2.11139, 3.7567e-07 )
bind/21/name = "LegUpper.L"
bind/21/bone = -1
bind/21/pose = Transform( 0.998976, 0.0450608, 1.89467e-08, 0.0450617, -0.998984, 5.67089e-08, 1.03502e-08, -1.80382e-08, -1, -0.342519, 3.99024, 0.238884 )
bind/22/name = "LegDown.L"
bind/22/bone = -1
bind/22/pose = Transform( 0.998833, 0.0481118, -1.179e-07, 0.0481127, -0.998842, 2.12453e-08, -1.27873e-07, 1.08662e-08, -1, -0.348904, 2.08993, 0.238884 )
bind/23/name = "Foot.L"
bind/23/bone = -1
bind/23/pose = Transform( 0.486087, -0.873909, 1.07538e-06, -0.873901, -0.48609, 8.62571e-09, 5.04059e-07, -9.06219e-07, -1, 0.14773, 0.462376, 0.238884 )
bind/24/name = "DeformThigh.L"
bind/24/bone = -1
bind/24/pose = Transform( 1.45285e-07, 1, 7.54979e-08, 0.999991, -1.39697e-06, 1.11326e-08, 2.8889e-14, 1.13257e-07, -1, -3.61767, -0.364871, 0.238883 )
bind/25/name = "DeformBelly"
bind/25/bone = -1
bind/25/pose = Transform( 0.127554, -0.991832, 5.86852e-07, -0.991832, -0.127554, -2.3368e-08, 8.68952e-08, -5.41319e-07, -1, 4.73784, 0.229201, 2.55004e-06 )
bind/26/name = "DeformButt"
bind/26/bone = -1
bind/26/pose = Transform( 0.31345, 0.949604, -8.4791e-07, 0.949605, -0.31345, -5.59528e-08, -3.30048e-07, -7.49881e-07, -1, -4.0694, 1.33643, 3.13489e-06 )
bind/27/name = "Penis"
bind/27/bone = -1
bind/27/pose = Transform( 1.71363e-07, -1, -3.13916e-07, -1, -2.98023e-07, -1.11372e-08, -6.73697e-14, 3.51675e-07, -1, 3.88283, -0.256576, -1.36621e-06 )
bind/28/name = "Balls"
bind/28/bone = -1
bind/28/pose = Transform( 1, 8.97935e-08, -2.38419e-07, -6.70552e-08, -1, -1.51046e-07, -2.49556e-07, 1.88805e-07, -1, 0.241809, 3.68077, -7.83152e-07 )

[sub_resource type="SpatialMaterial" id=4]
resource_name = "dragonhorns.png"
flags_transparent = true
flags_unshaded = true
vertex_color_use_as_albedo = true
params_cull_mode = 2
params_depth_draw_mode = 3
albedo_texture = ExtResource( 2 )

[node name="DemonHorns2" instance=ExtResource( 1 )]

[node name="hornsDragon2png002" type="MeshInstance" parent="." index="0"]
transform = Transform( 1, 0, 0, 0, 1, 0, 0, 0, 1, 0, 0, 0.014 )
mesh = SubResource( 2 )
skin = SubResource( 3 )
material/0 = SubResource( 4 )
script = ExtResource( 4 )
bodypartSlot = "horns"
customSkinPattern = ExtResource( 3 )
