[gd_scene load_steps=9 format=2]

[ext_resource path="res://Player/Player3D/Parts/Part3D.tscn" type="PackedScene" id=1]
[ext_resource path="res://Player/Player3D/Parts/Hair/KidlatHair/hairKidlat.png" type="Texture" id=2]
[ext_resource path="res://Player/Player3D/Parts/Hair/KidlatHair/hairKidlat_pattern.png" type="Texture" id=4]
[ext_resource path="res://Player/Player3D/Parts/MeshWithPattern.gd" type="Script" id=10]

[sub_resource type="ArrayMesh" id=5]
resource_name = "KidlatHair_ponytailpng001"
surfaces/0 = {
"aabb": AABB( -1.13626, 6.0474, 0.055772, 2.32907, 2.32907, 9.99868e-06 ),
"array_data": PoolByteArray( 207, 112, 145, 191, 67, 132, 193, 64, 34, 113, 100, 61, 0, 0, 127, 63, 0, 0, 0, 60, 3, 0, 0, 0, 255, 255, 0, 0, 0, 0, 0, 0, 35, 174, 152, 63, 67, 132, 193, 64, 34, 113, 100, 61, 0, 0, 127, 63, 0, 60, 0, 60, 3, 0, 0, 0, 255, 255, 0, 0, 0, 0, 0, 0, 35, 174, 152, 63, 0, 6, 6, 65, 34, 113, 100, 61, 0, 0, 127, 63, 0, 60, 0, 0, 3, 0, 0, 0, 255, 255, 0, 0, 0, 0, 0, 0, 207, 112, 145, 191, 0, 6, 6, 65, 34, 113, 100, 61, 0, 0, 127, 63, 0, 0, 0, 0, 3, 0, 0, 0, 255, 255, 0, 0, 0, 0, 0, 0 ),
"array_index_data": PoolByteArray( 0, 0, 2, 0, 1, 0, 0, 0, 3, 0, 2, 0 ),
"blend_shape_data": [  ],
"format": 6389207,
"index_count": 6,
"primitive": 4,
"skeleton_aabb": [ AABB( 0, 0, 0, -1, -1, -1 ), AABB( 0, 0, 0, -1, -1, -1 ), AABB( 0, 0, 0, -1, -1, -1 ), AABB( -1.13626, 6.0474, 0.055772, 2.32907, 2.32907, 9.99868e-06 ) ],
"vertex_count": 4
}

[sub_resource type="Skin" id=2]
resource_name = "Skin"
bind_count = 31
bind/0/name = "Hips"
bind/0/bone = -1
bind/0/pose = Transform( -0.994309, -0.106533, 2.32167e-08, -0.106533, 0.994309, -3.96619e-08, -2.99965e-08, -4.15056e-09, -1, 0.52595, -4.30199, 1.9926e-08 )
bind/1/name = "Chest"
bind/1/bone = -1
bind/1/pose = Transform( -0.997932, 0.0642847, -6.12767e-09, 0.0642847, 0.997931, -3.69649e-08, -7.39851e-09, 4.76596e-10, -1, -0.33469, -5.027, -3.14128e-09 )
bind/2/name = "Neck"
bind/2/bone = -1
bind/2/pose = Transform( -0.985348, -0.170501, -0.0044623, -0.170503, 0.985357, -3.93484e-08, 0.00439695, 0.000760832, -0.99999, 1.21785, -6.50506, -0.00543445 )
bind/3/name = "Head"
bind/3/bone = -1
bind/3/pose = Transform( -0.998473, 2.23357e-08, -0.0552458, 2.37663e-08, 1, -3.7394e-08, 0.0552458, -1.70221e-09, -0.998473, 0.0449182, -6.88278, -0.00248533 )
bind/4/name = "Arm.L"
bind/4/bone = -1
bind/4/pose = Transform( 0.999073, 0.042306, 6.14417e-09, 0.0423039, -0.999105, 3.74071e-08, -3.41576e-09, 6.45247e-10, -1, -0.431833, 6.2417, 0.38753 )
bind/5/name = "ForeArm.L"
bind/5/bone = -1
bind/5/pose = Transform( 0.955273, -0.295626, -8.71787e-08, -0.295617, -0.955304, 3.27789e-08, -1.04106e-07, 3.22174e-08, -1, 1.25634, 4.81045, 0.38753 )
bind/6/name = "Hand.L"
bind/6/bone = -1
bind/6/pose = Transform( 0.998876, -0.0467234, 6.05131e-09, -0.0467227, -0.998908, 3.71973e-08, -6.83015e-09, 3.19487e-10, -1, 0.301999, 3.84567, 0.38753 )
bind/7/name = "Arm.R"
bind/7/bone = -1
bind/7/pose = Transform( 0.999073, 0.042306, 6.14417e-09, 0.0423039, -0.999105, 3.74071e-08, -3.41576e-09, 6.45247e-10, -1, -0.331926, 6.24593, -0.354205 )
bind/8/name = "ForeArm.R"
bind/8/bone = -1
bind/8/pose = Transform( 0.955273, -0.295626, -4.97868e-08, -0.295617, -0.955304, 3.27789e-08, -6.83866e-08, 2.11634e-08, -1, 1.35187, 4.78089, -0.354206 )
bind/9/name = "Hand.R"
bind/9/bone = -1
bind/9/pose = Transform( 0.998876, -0.0467234, -1.40319e-09, -0.0467227, -0.998908, 3.71973e-08, -1.42763e-08, 6.67788e-10, -1, 0.401887, 3.84099, -0.354205 )
bind/10/name = "DeformBreasts"
bind/10/bone = -1
bind/10/pose = Transform( 0.185831, -0.982581, 1.06011e-06, -0.982582, -0.185831, -8.44276e-08, 2.68822e-07, -9.88201e-07, -1, 5.83632, 0.889687, 5.82971e-06 )
bind/11/name = "Nipples"
bind/11/bone = -1
bind/11/pose = Transform( -0.224226, -0.974537, 1.14143e-06, -0.974537, 0.224226, 1.08067e-08, -2.77608e-07, -1.07219e-06, -1, 5.45319, -2.09698, 5.867e-06 )
bind/12/name = "LegUpper.L"
bind/12/bone = -1
bind/12/pose = Transform( 0.998981, 0.0450611, 1.15144e-08, 0.0450614, -0.998984, 5.67088e-08, 2.92265e-09, -1.83733e-08, -1, -0.342521, 3.99024, 0.238884 )
bind/13/name = "LegDown.L"
bind/13/bone = -1
bind/13/pose = Transform( 0.998838, 0.0481121, -1.10481e-07, 0.0481125, -0.998842, 2.12452e-08, -1.20466e-07, 1.1223e-08, -1, -0.348906, 2.08993, 0.238884 )
bind/14/name = "Foot.L"
bind/14/bone = -1
bind/14/pose = Transform( 0.486087, -0.87391, 1.07538e-06, -0.873906, -0.486088, 8.62297e-09, 5.04058e-07, -9.06219e-07, -1, 0.14773, 0.462377, 0.238884 )
bind/15/name = "DeformThigh.L"
bind/15/bone = -1
bind/15/pose = Transform( 2.60769e-08, 1, 7.54979e-08, 0.999997, -6.33297e-07, 1.11354e-08, 1.58319e-14, 1.13257e-07, -1, -3.61767, -0.364876, 0.238883 )
bind/16/name = "Penis"
bind/16/bone = -1
bind/16/pose = Transform( 0.0567872, -0.998386, -5.56076e-07, -0.998386, -0.0567871, -8.975e-09, -3.37547e-08, 5.93448e-07, -1, 3.89244, -0.0586572, -2.3144e-06 )
bind/17/name = "Balls"
bind/17/bone = -1
bind/17/pose = Transform( 1, 1.49012e-07, -2.38419e-07, 2.01166e-07, -1, -1.51046e-07, -2.49556e-07, 1.88805e-07, -1, 0.241808, 3.68077, -7.83153e-07 )
bind/18/name = "Penis2"
bind/18/bone = -1
bind/18/pose = Transform( -1.87571e-14, -1, -5.52335e-07, -1, 4.84288e-08, -1.11372e-08, -3.5527e-15, 5.90094e-07, -1, 3.85173, -0.826301, -2.2736e-06 )
bind/19/name = "Penis3"
bind/19/bone = -1
bind/19/pose = Transform( -1.96228e-21, -1, -5.52335e-07, -1, 4.84288e-08, -1.11372e-08, 1.15793e-27, 5.90094e-07, -1, 3.85173, -1.40513, -2.2736e-06 )
bind/20/name = "Tail1"
bind/20/bone = -1
bind/20/pose = Transform( 0.707107, 0.707107, 5.26836e-09, 0.707107, -0.707106, 3.45748e-08, 1.70362e-08, 1.70362e-08, -1, -3.49697, 2.72398, -8.49116e-08 )
bind/21/name = "Tail2"
bind/21/bone = -1
bind/21/pose = Transform( 0.707107, 0.707107, -6.32203e-08, 0.707107, -0.707106, 3.45748e-08, -3.13926e-08, -3.13926e-08, -1, -3.49697, 1.55751, 1.54591e-07 )
bind/22/name = "Tail3"
bind/22/bone = -1
bind/22/pose = Transform( 0.707107, 0.707107, 6.84886e-08, 0.707107, -0.707107, 3.45748e-08, 6.17396e-08, 6.17396e-08, -1, -3.49697, 0.335625, -3.05991e-07 )
bind/23/name = "Tail4"
bind/23/bone = -1
bind/23/pose = Transform( 0.707107, 0.707107, 6.84887e-08, 0.707107, -0.707106, 3.45748e-08, 6.17397e-08, 6.17397e-08, -1, -3.49697, -0.901812, -3.05991e-07 )
bind/24/name = "Tail5"
bind/24/bone = -1
bind/24/pose = Transform( 0.707107, 0.707107, -1.2644e-07, 0.707107, -0.707106, 3.45748e-08, -7.60961e-08, -7.60961e-08, -1, -3.49697, -2.11139, 3.7567e-07 )
bind/25/name = "LegUpper.R"
bind/25/bone = -1
bind/25/pose = Transform( 0.998981, 0.0450611, 1.14822e-08, 0.0450614, -0.998984, 4.10171e-08, 2.18167e-09, -2.6991e-09, -1, -0.242623, 3.99474, -0.209835 )
bind/26/name = "LegDown.R"
bind/26/bone = -1
bind/26/pose = Transform( 0.998838, 0.0481121, -1.25364e-07, 0.0481125, -0.998842, 2.97481e-08, -1.34924e-07, 2.01379e-09, -1, -0.249022, 2.09474, -0.209835 )
bind/27/name = "Foot.R"
bind/27/bone = -1
bind/27/pose = Transform( 0.486087, -0.87391, 4.58786e-07, -0.873906, -0.486088, -1.14963e-08, 2.2192e-07, -3.5759e-07, -1, 0.19634, 0.374986, -0.209835 )
bind/28/name = "DeformThigh.R"
bind/28/bone = -1
bind/28/pose = Transform( 4.0978e-08, 1, 7.54979e-08, 0.999997, -6.48198e-07, 1.11372e-08, -2.86655e-14, 1.13257e-07, -1, -3.61767, -0.264876, -0.209836 )
bind/29/name = "DeformBelly"
bind/29/bone = -1
bind/29/pose = Transform( 0.127554, -0.991832, 5.86852e-07, -0.991832, -0.127554, -2.3368e-08, 8.68952e-08, -5.41319e-07, -1, 4.73784, 0.229201, 2.55004e-06 )
bind/30/name = "DeformButt"
bind/30/bone = -1
bind/30/pose = Transform( 0.31345, 0.949604, -8.4791e-07, 0.949605, -0.31345, -5.59528e-08, -3.30048e-07, -7.49881e-07, -1, -4.0694, 1.33643, 3.13489e-06 )

[sub_resource type="SpatialMaterial" id=4]
resource_name = "headwolf.png"
flags_transparent = true
flags_unshaded = true
vertex_color_use_as_albedo = true
params_cull_mode = 2
params_depth_draw_mode = 3
albedo_texture = ExtResource( 2 )

[sub_resource type="ArrayMesh" id=6]
resource_name = "KidlatHair_ponytailpng002"
surfaces/0 = {
"aabb": AABB( -0.458053, 6.0474, 0.240584, 1.37877, 1.1885, 9.99868e-06 ),
"array_data": PoolByteArray( 170, 179, 107, 63, 67, 132, 193, 64, 136, 91, 118, 62, 0, 0, 127, 63, 16, 59, 0, 60, 3, 0, 0, 0, 255, 255, 0, 0, 0, 0, 0, 0, 244, 133, 234, 190, 67, 132, 193, 64, 136, 91, 118, 62, 0, 0, 126, 63, 168, 52, 0, 60, 3, 0, 0, 0, 255, 255, 0, 0, 0, 0, 0, 0, 170, 179, 107, 63, 108, 140, 231, 64, 136, 91, 118, 62, 0, 0, 126, 63, 16, 59, 213, 55, 3, 0, 0, 0, 255, 255, 0, 0, 0, 0, 0, 0, 244, 133, 234, 190, 108, 140, 231, 64, 136, 91, 118, 62, 0, 0, 126, 63, 168, 52, 213, 55, 3, 0, 0, 0, 255, 255, 0, 0, 0, 0, 0, 0 ),
"array_index_data": PoolByteArray( 1, 0, 2, 0, 0, 0, 1, 0, 3, 0, 2, 0 ),
"blend_shape_data": [  ],
"format": 6389207,
"index_count": 6,
"primitive": 4,
"skeleton_aabb": [ AABB( 0, 0, 0, -1, -1, -1 ), AABB( 0, 0, 0, -1, -1, -1 ), AABB( 0, 0, 0, -1, -1, -1 ), AABB( -0.458053, 6.0474, 0.240584, 1.37877, 1.1885, 9.99868e-06 ) ],
"vertex_count": 4
}

[node name="KidlatHair" instance=ExtResource( 1 )]

[node name="kidlathair" type="MeshInstance" parent="." index="0"]
transform = Transform( 1, 0, 0, 0, 1, 0, 0, 0, 1, 0, 0, 0.012 )
mesh = SubResource( 5 )
skin = SubResource( 2 )
material/0 = SubResource( 4 )
script = ExtResource( 10 )
bodypartSlot = "hair"
customSkinPattern = ExtResource( 4 )

[node name="kidlathair2" type="MeshInstance" parent="." index="1"]
mesh = SubResource( 6 )
skin = SubResource( 2 )
material/0 = SubResource( 4 )
script = ExtResource( 10 )
bodypartSlot = "hair"
customSkinPattern = ExtResource( 4 )
