[gd_scene load_steps=9 format=2]

[ext_resource path="res://Player/Player3D/Parts/Part3D.tscn" type="PackedScene" id=1]
[ext_resource path="res://Player/Player3D/Parts/Tail/FluffyFelineTail/fluffytail.png" type="Texture" id=2]
[ext_resource path="res://Player/Player3D/Parts/MeshWithPattern.gd" type="Script" id=3]
[ext_resource path="res://Player/Player3D/Parts/Tail/FluffyFelineTail/fluffytail_pattern.png" type="Texture" id=4]

[sub_resource type="SpatialMaterial" id=1]
resource_name = "tail.png"
flags_transparent = true
vertex_color_use_as_albedo = true
params_cull_mode = 2
params_depth_draw_mode = 3
albedo_color = Color( 0.906332, 0.906332, 0.906332, 1 )
roughness = 0.0

[sub_resource type="ArrayMesh" id=2]
resource_name = "FluffyTail_tailpng001"
surfaces/0 = {
"aabb": AABB( -0.0748536, -1.05346, -0.00999033, 6.28474, 6.79138, 1.02408e-05 ),
"array_data": PoolByteArray( 218, 76, 153, 189, 194, 15, 88, 64, 124, 173, 35, 188, 129, 127, 126, 193, 194, 43, 145, 53, 0, 20, 21, 22, 105, 248, 1, 7, 133, 0, 14, 0, 27, 158, 4, 62, 11, 157, 183, 64, 224, 172, 35, 188, 129, 127, 126, 193, 192, 45, 244, 32, 0, 0, 0, 0, 255, 255, 0, 0, 0, 0, 0, 0, 93, 183, 198, 64, 10, 143, 99, 63, 222, 173, 35, 188, 129, 127, 126, 193, 175, 59, 162, 57, 24, 23, 0, 0, 41, 239, 213, 16, 0, 0, 0, 0, 224, 180, 133, 64, 196, 215, 134, 191, 127, 174, 35, 188, 129, 127, 126, 193, 91, 57, 220, 59, 24, 23, 21, 0, 226, 235, 21, 20, 7, 0, 0, 0, 183, 222, 223, 60, 118, 210, 145, 64, 46, 173, 35, 188, 129, 127, 127, 193, 209, 44, 185, 49, 0, 20, 22, 0, 138, 252, 109, 3, 7, 0, 0, 0, 31, 54, 166, 64, 245, 129, 168, 189, 46, 174, 35, 188, 129, 127, 126, 193, 133, 58, 191, 58, 24, 23, 21, 22, 174, 235, 103, 19, 124, 0, 108, 0, 173, 79, 3, 64, 225, 163, 148, 63, 253, 173, 35, 188, 129, 127, 126, 193, 216, 53, 82, 57, 22, 23, 21, 20, 170, 133, 122, 59, 227, 45, 245, 16, 77, 220, 74, 64, 236, 14, 84, 64, 95, 173, 35, 188, 129, 127, 126, 193, 52, 56, 182, 53, 22, 23, 21, 20, 117, 112, 185, 54, 85, 48, 122, 40, 253, 21, 39, 64, 111, 48, 15, 64, 174, 173, 35, 188, 129, 127, 126, 193, 32, 55, 22, 56, 22, 23, 21, 20, 101, 126, 18, 55, 162, 52, 228, 21, 194, 18, 150, 64, 88, 121, 6, 64, 158, 173, 35, 188, 129, 127, 127, 193, 241, 57, 62, 56, 24, 23, 22, 0, 216, 118, 62, 108, 231, 28, 0, 0, 184, 92, 71, 64, 204, 193, 92, 61, 62, 174, 35, 188, 129, 127, 126, 193, 35, 56, 151, 58, 24, 23, 22, 0, 193, 130, 173, 112, 143, 12, 0, 0, 31, 193, 121, 64, 93, 236, 137, 63, 238, 173, 35, 188, 129, 127, 126, 193, 10, 57, 107, 57, 24, 23, 22, 0, 115, 116, 183, 109, 212, 29, 0, 0, 141, 10, 125, 63, 217, 48, 17, 64, 189, 173, 35, 188, 129, 127, 126, 193, 208, 50, 13, 56, 21, 0, 20, 22, 189, 82, 194, 72, 172, 68, 210, 31, 48, 38, 211, 63, 64, 210, 144, 64, 31, 173, 35, 188, 129, 127, 126, 193, 236, 52, 221, 49, 20, 21, 0, 22, 195, 91, 212, 77, 182, 57, 176, 28, 188, 213, 168, 63, 173, 106, 89, 64, 110, 173, 35, 188, 129, 127, 126, 193, 42, 52, 133, 53, 21, 20, 0, 22, 163, 82, 247, 79, 244, 58, 111, 34, 242, 153, 160, 61, 193, 183, 164, 64, 7, 173, 35, 188, 129, 127, 126, 193, 73, 45, 8, 46, 0, 20, 21, 22, 3, 254, 232, 1, 12, 0, 6, 0, 128, 245, 149, 64, 231, 95, 17, 191, 86, 174, 35, 188, 129, 127, 126, 193, 240, 57, 77, 59, 24, 23, 21, 20, 26, 233, 157, 22, 45, 0, 25, 0, 243, 224, 233, 62, 78, 160, 52, 64, 157, 173, 35, 188, 129, 127, 126, 193, 96, 48, 214, 54, 0, 20, 21, 22, 18, 203, 124, 34, 165, 15, 203, 2, 16, 101, 174, 64, 24, 93, 191, 63, 190, 173, 35, 188, 129, 127, 126, 193, 208, 58, 240, 56, 24, 23, 22, 20, 75, 202, 201, 48, 222, 4, 11, 0, 87, 170, 194, 188, 88, 218, 125, 64, 85, 173, 35, 188, 129, 127, 126, 193, 89, 44, 55, 52, 0, 20, 21, 0, 225, 250, 20, 5, 9, 0, 0, 0, 191, 118, 182, 64, 212, 126, 206, 62, 6, 174, 35, 188, 129, 127, 126, 193, 26, 59, 48, 58, 24, 23, 22, 20, 29, 231, 179, 24, 29, 0, 16, 0, 51, 86, 37, 64, 239, 137, 27, 63, 30, 174, 35, 188, 129, 127, 126, 193, 16, 55, 244, 57, 23, 22, 24, 21, 156, 123, 95, 70, 109, 59, 150, 2, 178, 55, 26, 64, 182, 217, 122, 64, 63, 173, 35, 188, 129, 127, 127, 193, 170, 54, 82, 52, 21, 22, 20, 23, 167, 100, 166, 84, 160, 60, 15, 10, 87, 139, 145, 64, 115, 200, 254, 62, 14, 174, 35, 188, 129, 127, 126, 193, 200, 57, 21, 58, 24, 23, 22, 21, 18, 190, 38, 57, 180, 8, 16, 0, 219, 128, 251, 63, 142, 77, 52, 64, 142, 173, 35, 188, 129, 127, 126, 193, 165, 53, 217, 54, 21, 22, 20, 0, 152, 97, 249, 92, 114, 56, 250, 8, 213, 50, 21, 64, 95, 130, 217, 63, 214, 173, 35, 188, 129, 127, 126, 193, 124, 54, 180, 56, 22, 23, 21, 20, 183, 123, 8, 58, 247, 48, 72, 25, 37, 249, 56, 64, 174, 159, 49, 64, 135, 173, 35, 188, 129, 127, 127, 193, 196, 55, 241, 54, 22, 21, 23, 20, 239, 112, 123, 51, 221, 50, 182, 40, 233, 128, 123, 64, 33, 68, 45, 64, 127, 173, 35, 188, 129, 127, 126, 193, 19, 57, 25, 55, 23, 22, 24, 21, 86, 121, 234, 73, 43, 53, 146, 7, 61, 99, 105, 64, 106, 227, 255, 190, 94, 174, 35, 188, 129, 127, 126, 193, 191, 56, 57, 59, 24, 23, 22, 21, 197, 202, 57, 52, 247, 0, 8, 0, 141, 107, 80, 64, 157, 38, 212, 63, 206, 173, 35, 188, 129, 127, 126, 193, 77, 56, 192, 56, 23, 22, 24, 21, 220, 115, 132, 73, 208, 55, 206, 10, 236, 142, 96, 64, 107, 210, 16, 63, 22, 174, 35, 188, 129, 127, 126, 193, 151, 56, 1, 58, 24, 23, 22, 0, 213, 123, 235, 107, 62, 24, 0, 0, 169, 121, 137, 64, 136, 111, 203, 63, 198, 173, 35, 188, 129, 127, 126, 193, 126, 57, 212, 56, 24, 23, 22, 0, 235, 117, 246, 107, 29, 30, 0, 0, 80, 146, 194, 63, 202, 130, 219, 63, 221, 173, 35, 188, 129, 127, 126, 193, 160, 52, 176, 56, 22, 21, 20, 0, 203, 101, 253, 87, 87, 44, 221, 21, 243, 185, 99, 63, 166, 55, 164, 64, 255, 172, 35, 188, 129, 127, 126, 193, 92, 50, 45, 46, 0, 20, 21, 22, 30, 190, 210, 53, 6, 12, 7, 0, 56, 85, 44, 63, 205, 135, 126, 64, 78, 173, 35, 188, 129, 127, 126, 193, 94, 49, 48, 52, 0, 20, 21, 0, 76, 193, 98, 53, 79, 9, 0, 0, 245, 253, 189, 63, 151, 135, 125, 64, 71, 173, 35, 188, 129, 127, 126, 193, 139, 52, 58, 52, 20, 21, 0, 22, 156, 88, 254, 80, 192, 52, 163, 33, 128, 173, 147, 63, 195, 77, 53, 64, 150, 173, 35, 188, 129, 127, 126, 193, 146, 51, 208, 54, 21, 0, 20, 22, 59, 85, 67, 72, 228, 66, 156, 31, 217, 162, 16, 63, 13, 148, 89, 64, 117, 173, 35, 188, 129, 127, 126, 193, 223, 48, 131, 53, 0, 20, 21, 0, 153, 208, 96, 38, 4, 9, 0, 0, 147, 7, 72, 63, 198, 189, 145, 64, 39, 173, 35, 188, 129, 127, 126, 193, 221, 49, 188, 49, 0, 20, 21, 0, 10, 180, 16, 57, 227, 18, 0, 0, 61, 246, 101, 64, 185, 171, 11, 64, 166, 173, 35, 188, 129, 127, 126, 193, 176, 56, 38, 56, 23, 22, 24, 21, 196, 115, 235, 72, 75, 55, 4, 12, 225, 224, 58, 64, 204, 245, 144, 63, 246, 173, 35, 188, 129, 127, 126, 193, 213, 55, 90, 57, 23, 22, 24, 21, 127, 113, 100, 74, 184, 58, 99, 9, 16, 252, 11, 64, 163, 147, 87, 64, 103, 173, 35, 188, 129, 127, 126, 193, 39, 54, 149, 53, 21, 22, 20, 23, 182, 96, 129, 81, 175, 71, 24, 6, 151, 9, 223, 63, 121, 7, 17, 64, 182, 173, 35, 188, 129, 127, 127, 193, 34, 53, 14, 56, 21, 22, 20, 0, 52, 96, 24, 95, 251, 47, 182, 16, 123, 30, 131, 64, 174, 131, 141, 186, 54, 174, 35, 188, 129, 127, 126, 193, 68, 57, 167, 58, 24, 23, 22, 0, 197, 195, 207, 53, 147, 5, 213, 0, 52, 248, 159, 64, 61, 15, 127, 63, 230, 173, 35, 188, 129, 127, 126, 193, 76, 58, 130, 57, 24, 23, 22, 0, 49, 195, 119, 52, 203, 7, 138, 0, 20, 235, 212, 61, 102, 42, 174, 64, 243, 172, 35, 188, 129, 127, 126, 193, 132, 45, 166, 42, 0, 20, 21, 22, 158, 254, 45, 1, 44, 0, 6, 0, 48, 213, 141, 64, 183, 135, 79, 191, 106, 174, 35, 188, 129, 127, 126, 193, 166, 57, 149, 59, 24, 23, 21, 20, 222, 233, 3, 22, 19, 0, 9, 0, 186, 141, 67, 62, 8, 88, 70, 64, 141, 173, 35, 188, 129, 127, 126, 193, 81, 46, 51, 54, 0, 20, 21, 22, 238, 241, 38, 11, 103, 2, 130, 0, 55, 142, 186, 64, 79, 146, 152, 63, 206, 173, 35, 188, 129, 127, 126, 193, 64, 59, 73, 57, 24, 23, 22, 0, 25, 227, 120, 28, 108, 0, 0, 0, 231, 162, 233, 58, 209, 95, 136, 64, 66, 173, 35, 188, 129, 127, 126, 193, 149, 44, 19, 51, 0, 20, 0, 0, 198, 251, 56, 4, 0, 0, 0, 0, 111, 86, 174, 64, 102, 94, 36, 62, 26, 174, 35, 188, 129, 127, 126, 193, 208, 58, 120, 58, 24, 23, 22, 21, 5, 233, 153, 22, 52, 0, 43, 0, 241, 82, 20, 64, 220, 104, 98, 63, 14, 174, 35, 188, 129, 127, 126, 193, 116, 54, 163, 57, 22, 23, 24, 21, 155, 107, 128, 94, 50, 33, 175, 20, 0, 138, 50, 64, 82, 116, 103, 64, 79, 173, 35, 188, 129, 127, 126, 193, 137, 55, 4, 53, 22, 21, 20, 23, 83, 99, 20, 70, 234, 61, 172, 24, 188, 224, 155, 64, 229, 167, 84, 62, 30, 174, 35, 188, 129, 127, 126, 193, 39, 58, 106, 58, 24, 23, 22, 0, 92, 220, 107, 32, 31, 3, 23, 0, 54, 107, 18, 64, 255, 190, 33, 64, 158, 173, 35, 188, 129, 127, 126, 193, 98, 54, 131, 55, 22, 21, 20, 23, 198, 111, 8, 74, 124, 43, 179, 26, 65, 65, 12, 64, 32, 19, 183, 63, 234, 173, 35, 188, 129, 127, 126, 193, 42, 54, 3, 57, 22, 23, 21, 20, 210, 126, 223, 59, 254, 46, 78, 22, 145, 7, 48, 64, 14, 104, 32, 64, 154, 173, 35, 188, 129, 127, 127, 193, 114, 55, 143, 55, 22, 23, 21, 20, 21, 119, 31, 54, 132, 52, 69, 30, 156, 233, 137, 64, 188, 222, 25, 64, 143, 173, 35, 188, 129, 127, 126, 193, 130, 57, 203, 55, 23, 24, 22, 0, 132, 124, 169, 82, 208, 48, 0, 0, 251, 95, 88, 64, 34, 75, 100, 190, 78, 174, 35, 188, 129, 127, 126, 193, 113, 56, 232, 58, 24, 23, 22, 0, 120, 168, 219, 82, 171, 4, 0, 0, 86, 22, 101, 64, 125, 9, 175, 63, 222, 173, 35, 188, 129, 127, 126, 193, 172, 56, 21, 57, 23, 24, 22, 21, 147, 123, 220, 82, 123, 49, 18, 0, 210, 245, 83, 64, 144, 158, 158, 62, 42, 174, 35, 188, 129, 127, 126, 193, 93, 56, 76, 58, 24, 23, 22, 0, 110, 128, 120, 108, 24, 19, 0, 0, 28, 45, 131, 64, 242, 173, 170, 63, 218, 173, 35, 188, 129, 127, 126, 193, 68, 57, 31, 57, 24, 23, 22, 0, 192, 116, 198, 108, 119, 30, 0, 0, 204, 139, 160, 63, 62, 242, 254, 63, 205, 173, 35, 188, 129, 127, 126, 193, 4, 52, 94, 56, 21, 22, 20, 0, 163, 97, 50, 64, 231, 53, 64, 40, 149, 129, 162, 63, 243, 132, 154, 64, 15, 173, 35, 188, 129, 127, 126, 193, 13, 52, 122, 48, 0, 20, 21, 22, 181, 121, 117, 83, 31, 47, 180, 3, 88, 0, 127, 63, 61, 249, 107, 64, 94, 173, 35, 188, 129, 127, 126, 193, 217, 50, 218, 52, 0, 20, 21, 22, 129, 126, 81, 80, 218, 45, 82, 3, 216, 105, 179, 63, 34, 121, 107, 64, 90, 173, 35, 188, 129, 127, 126, 193, 90, 52, 223, 52, 20, 21, 0, 22, 74, 87, 182, 80, 145, 53, 108, 34, 100, 25, 137, 63, 78, 63, 35, 64, 169, 173, 35, 188, 129, 127, 126, 193, 49, 51, 117, 55, 21, 0, 20, 22, 223, 83, 84, 73, 58, 67, 144, 31, 160, 145, 88, 61, 27, 69, 155, 64, 26, 173, 35, 188, 129, 127, 126, 193, 13, 45, 94, 48, 0, 20, 22, 0, 59, 253, 188, 2, 6, 0, 0, 0, 208, 21, 158, 64, 45, 112, 166, 190, 66, 174, 35, 188, 129, 127, 126, 193, 59, 58, 6, 59, 24, 23, 21, 20, 155, 235, 230, 19, 76, 0, 48, 0, 130, 253, 56, 63, 148, 232, 34, 64, 173, 173, 35, 188, 129, 127, 126, 193, 152, 49, 120, 55, 0, 20, 21, 22, 75, 133, 131, 61, 0, 53, 47, 8, 232, 59, 162, 64, 228, 39, 230, 63, 174, 173, 35, 188, 129, 127, 126, 193, 97, 58, 151, 56, 24, 23, 22, 20, 2, 165, 185, 76, 57, 14, 9, 0, 110, 247, 73, 189, 14, 245, 106, 64, 105, 173, 35, 188, 129, 127, 126, 193, 29, 44, 228, 52, 0, 20, 21, 0, 250, 249, 244, 5, 16, 0, 0, 0, 14, 151, 190, 64, 58, 103, 37, 63, 242, 173, 35, 188, 129, 127, 126, 193, 101, 59, 233, 57, 24, 23, 0, 0, 131, 234, 123, 21, 0, 0, 0, 0, 117, 89, 54, 64, 4, 86, 169, 62, 46, 174, 35, 188, 129, 127, 126, 193, 172, 55, 70, 58, 23, 24, 22, 0, 164, 124, 54, 92, 35, 39, 0, 0, 102, 229, 1, 64, 142, 31, 135, 64, 47, 173, 35, 188, 129, 127, 126, 193, 203, 53, 65, 51, 21, 20, 22, 0, 198, 102, 108, 73, 222, 59, 236, 19, 243, 53, 135, 64, 122, 158, 73, 63, 254, 173, 35, 188, 129, 127, 126, 193, 105, 57, 192, 57, 24, 23, 22, 21, 104, 153, 221, 84, 170, 17, 14, 0, 75, 43, 210, 63, 29, 220, 70, 64, 126, 173, 35, 188, 129, 127, 126, 193, 231, 52, 47, 54, 21, 22, 20, 0, 225, 103, 216, 64, 100, 64, 224, 22, 105, 36, 30, 64, 158, 241, 251, 63, 194, 173, 35, 188, 129, 127, 126, 193, 206, 54, 101, 56, 22, 23, 21, 20, 141, 124, 19, 56, 111, 51, 238, 23, 185, 234, 65, 64, 77, 215, 66, 64, 115, 173, 35, 188, 129, 127, 126, 193, 11, 56, 84, 54, 22, 23, 21, 20, 180, 111, 223, 51, 240, 49, 123, 42, 154, 46, 99, 64, 134, 169, 64, 64, 111, 173, 35, 188, 129, 127, 126, 193, 163, 56, 104, 54, 22, 23, 24, 21, 146, 108, 121, 93, 30, 27, 213, 26, 126, 102, 122, 64, 162, 208, 70, 191, 110, 174, 35, 188, 129, 127, 126, 193, 13, 57, 139, 59, 24, 23, 21, 20, 9, 226, 229, 29, 9, 0, 6, 0, 197, 192, 59, 64, 189, 67, 249, 63, 190, 173, 35, 188, 129, 127, 126, 193, 221, 55, 107, 56, 22, 23, 24, 21, 222, 103, 100, 88, 166, 34, 21, 29, 5, 40, 109, 64, 142, 85, 82, 63, 2, 174, 35, 188, 129, 127, 126, 193, 209, 56, 182, 57, 24, 23, 22, 0, 35, 119, 14, 109, 205, 27, 0, 0, 54, 198, 143, 64, 28, 49, 236, 63, 178, 173, 35, 188, 129, 127, 127, 193, 184, 57, 137, 56, 24, 23, 22, 0, 51, 119, 131, 107, 71, 29, 0, 0, 212, 152, 228, 63, 83, 19, 184, 63, 237, 173, 35, 188, 129, 127, 126, 193, 60, 53, 1, 57, 22, 21, 20, 23, 105, 118, 57, 74, 173, 34, 175, 28, 188, 112, 2, 63, 88, 234, 173, 64, 240, 172, 35, 188, 129, 127, 126, 193, 158, 48, 203, 42, 0, 20, 22, 21, 89, 250, 221, 4, 123, 0, 76, 0, 45, 84, 179, 62, 46, 139, 136, 64, 62, 173, 35, 188, 129, 127, 126, 193, 199, 47, 13, 51, 0, 20, 21, 0, 79, 241, 72, 14, 102, 0, 0, 0, 17, 146, 200, 63, 6, 203, 135, 64, 51, 173, 35, 188, 129, 127, 126, 193, 187, 52, 40, 51, 20, 21, 0, 22, 13, 90, 233, 78, 173, 55, 90, 31, 159, 65, 158, 63, 56, 92, 71, 64, 130, 173, 35, 188, 129, 127, 126, 193, 243, 51, 42, 54, 21, 0, 20, 22, 212, 85, 238, 68, 175, 67, 139, 33, 237, 254, 91, 63, 233, 112, 71, 64, 133, 173, 35, 188, 129, 127, 126, 193, 56, 50, 41, 54, 0, 20, 21, 22, 154, 135, 143, 62, 163, 55, 48, 2, 133, 141, 138, 62, 50, 183, 107, 64, 101, 173, 35, 188, 129, 127, 126, 193, 12, 47, 221, 52, 0, 20, 21, 0, 252, 247, 250, 7, 8, 0, 0, 0, 169, 201, 2, 63, 46, 26, 71, 64, 137, 173, 35, 188, 129, 127, 126, 193, 160, 48, 45, 54, 0, 20, 21, 22, 19, 206, 98, 36, 48, 13, 88, 0, 8, 124, 30, 63, 237, 13, 108, 64, 98, 173, 35, 188, 129, 127, 126, 193, 30, 49, 218, 52, 0, 20, 21, 0, 79, 206, 74, 44, 100, 5, 0, 0, 223, 0, 145, 63, 201, 64, 136, 64, 55, 173, 35, 188, 129, 127, 126, 193, 121, 51, 24, 51, 0, 20, 21, 22, 4, 117, 149, 83, 159, 49, 197, 5, 208, 26, 220, 62, 195, 58, 155, 64, 23, 173, 35, 188, 129, 127, 126, 193, 64, 48, 96, 48, 0, 20, 21, 0, 223, 234, 246, 19, 41, 1, 0, 0, 102, 46, 58, 63, 214, 128, 136, 64, 58, 173, 35, 188, 129, 127, 126, 193, 157, 49, 14, 51, 0, 20, 21, 0, 235, 181, 214, 57, 61, 16, 0, 0, 195, 224, 85, 63, 182, 250, 154, 64, 19, 173, 35, 188, 129, 127, 127, 193, 28, 50, 105, 48, 0, 20, 21, 22, 32, 184, 183, 54, 31, 17, 7, 0, 200, 116, 124, 64, 125, 99, 241, 63, 182, 173, 35, 188, 129, 127, 126, 193, 23, 57, 125, 56, 23, 24, 22, 21, 207, 121, 39, 84, 238, 49, 26, 0, 176, 119, 79, 64, 179, 165, 30, 64, 150, 173, 35, 188, 129, 127, 127, 193, 73, 56, 159, 55, 22, 23, 24, 21, 111, 101, 75, 92, 136, 32, 186, 29, 229, 48, 91, 64, 7, 191, 245, 63, 186, 173, 35, 188, 129, 127, 126, 193, 126, 56, 115, 56, 23, 22, 24, 21, 252, 115, 144, 72, 142, 55, 228, 11, 147, 187, 112, 64, 237, 119, 28, 64, 147, 173, 35, 188, 129, 127, 126, 193, 225, 56, 179, 55, 23, 22, 24, 21, 49, 117, 217, 73, 84, 54, 160, 10, 231, 183, 77, 64, 6, 95, 89, 63, 6, 174, 35, 188, 129, 127, 126, 193, 65, 56, 174, 57, 23, 24, 22, 21, 209, 120, 153, 88, 112, 46, 35, 0, 219, 9, 40, 64, 22, 60, 181, 63, 230, 173, 35, 188, 129, 127, 127, 193, 40, 55, 7, 57, 22, 23, 24, 21, 90, 107, 151, 88, 57, 35, 211, 24, 138, 27, 48, 64, 192, 186, 94, 63, 10, 174, 35, 188, 129, 127, 126, 193, 114, 55, 167, 57, 23, 22, 24, 21, 115, 117, 196, 72, 111, 59, 86, 6, 55, 166, 69, 64, 53, 142, 178, 63, 226, 173, 35, 188, 129, 127, 126, 193, 28, 56, 13, 57, 23, 22, 24, 21, 121, 113, 205, 74, 44, 57, 139, 10, 155, 122, 34, 64, 168, 153, 68, 64, 119, 173, 35, 188, 129, 127, 126, 193, 245, 54, 67, 54, 22, 21, 20, 23, 189, 102, 90, 71, 75, 60, 155, 21, 10, 251, 234, 63, 157, 141, 106, 64, 87, 173, 35, 188, 129, 127, 126, 193, 89, 53, 231, 52, 21, 20, 22, 0, 177, 107, 166, 71, 200, 60, 222, 15, 63, 222, 4, 64, 152, 240, 69, 64, 122, 173, 35, 188, 129, 127, 126, 193, 230, 53, 55, 54, 21, 22, 20, 0, 236, 97, 248, 86, 147, 65, 134, 5, 225, 25, 19, 64, 172, 54, 105, 64, 83, 173, 35, 188, 129, 127, 126, 193, 104, 54, 244, 52, 21, 22, 20, 23, 35, 97, 41, 79, 13, 72, 164, 7, 208, 91, 2, 64, 168, 200, 253, 63, 198, 173, 35, 188, 129, 127, 126, 193, 207, 53, 97, 56, 22, 21, 20, 23, 95, 113, 150, 74, 183, 38, 81, 29, 141, 91, 185, 63, 157, 42, 35, 64, 166, 173, 35, 188, 129, 127, 126, 193, 117, 52, 118, 55, 21, 22, 20, 0, 57, 106, 21, 62, 120, 55, 54, 32, 242, 205, 208, 63, 222, 200, 254, 63, 201, 173, 35, 188, 129, 127, 126, 193, 225, 52, 95, 56, 22, 21, 20, 0, 147, 97, 190, 92, 101, 45, 71, 20, 57, 69, 237, 63, 132, 170, 34, 64, 162, 173, 35, 188, 129, 127, 126, 193, 99, 53, 123, 55, 21, 22, 20, 0, 23, 98, 154, 94, 220, 50, 112, 12, 253, 137, 140, 64, 169, 166, 145, 190, 70, 174, 35, 188, 129, 127, 126, 193, 154, 57, 250, 58, 24, 23, 22, 21, 74, 222, 113, 32, 50, 1, 16, 0, 241, 101, 115, 64, 161, 139, 144, 62, 38, 174, 35, 188, 129, 127, 126, 193, 237, 56, 84, 58, 24, 23, 22, 21, 82, 158, 191, 84, 223, 12, 12, 0, 26, 208, 119, 64, 127, 56, 128, 190, 74, 174, 35, 188, 129, 127, 126, 193, 2, 57, 240, 58, 24, 23, 22, 21, 188, 199, 102, 53, 211, 2, 8, 0, 233, 84, 138, 64, 240, 58, 126, 62, 34, 174, 35, 188, 129, 127, 126, 193, 134, 57, 94, 58, 24, 23, 22, 0, 189, 192, 191, 54, 197, 7, 189, 0, 121, 55, 171, 64, 87, 39, 51, 63, 246, 173, 35, 188, 129, 127, 126, 193, 179, 58, 217, 57, 24, 23, 22, 21, 162, 220, 106, 33, 216, 1, 25, 0, 239, 184, 148, 64, 145, 123, 165, 63, 214, 173, 35, 188, 129, 127, 126, 193, 229, 57, 43, 57, 24, 23, 22, 21, 196, 157, 233, 80, 58, 17, 22, 0, 198, 193, 152, 64, 183, 57, 63, 63, 250, 173, 35, 188, 129, 127, 126, 193, 10, 58, 204, 57, 24, 23, 22, 21, 41, 191, 232, 55, 217, 8, 19, 0, 162, 46, 167, 64, 89, 114, 159, 63, 210, 173, 35, 188, 129, 127, 126, 193, 142, 58, 57, 57, 24, 23, 22, 0, 107, 199, 243, 49, 14, 6, 144, 0, 108, 122, 155, 64, 188, 209, 197, 63, 194, 173, 35, 188, 129, 127, 126, 193, 35, 58, 225, 56, 24, 23, 22, 21, 102, 162, 239, 77, 149, 15, 18, 0, 113, 247, 141, 64, 103, 37, 133, 63, 234, 173, 35, 188, 129, 127, 126, 193, 167, 57, 118, 57, 24, 23, 22, 21, 145, 154, 98, 83, 250, 17, 17, 0, 26, 140, 163, 64, 81, 81, 232, 62, 10, 174, 35, 188, 129, 127, 126, 193, 109, 58, 34, 58, 24, 23, 22, 21, 152, 219, 161, 33, 173, 2, 23, 0, 118, 116, 128, 64, 37, 242, 8, 63, 18, 174, 35, 188, 129, 127, 126, 193, 43, 57, 10, 58, 24, 23, 22, 21, 188, 154, 44, 85, 7, 16, 14, 0, 246, 226, 101, 64, 132, 48, 243, 60, 58, 174, 35, 188, 129, 127, 126, 193, 175, 56, 158, 58, 24, 23, 22, 21, 153, 163, 190, 83, 159, 8, 7, 0, 159, 222, 132, 64, 252, 209, 7, 191, 90, 174, 35, 188, 129, 127, 126, 193, 84, 57, 66, 59, 24, 23, 22, 21, 3, 224, 177, 31, 62, 0, 11, 0, 107, 195, 197, 63, 94, 3, 53, 64, 146, 173, 35, 188, 129, 127, 126, 193, 174, 52, 210, 54, 21, 22, 20, 0, 173, 106, 158, 63, 66, 58, 112, 27, 170, 243, 172, 63, 223, 81, 17, 64, 185, 173, 35, 188, 129, 127, 126, 193, 61, 52, 13, 56, 21, 22, 20, 0, 26, 102, 137, 62, 95, 54, 251, 36, 59, 168, 244, 63, 254, 237, 218, 63, 218, 173, 35, 188, 129, 127, 126, 193, 133, 53, 177, 56, 22, 21, 20, 23, 82, 116, 85, 74, 150, 35, 191, 29, 233, 98, 247, 63, 92, 102, 124, 64, 67, 173, 35, 188, 129, 127, 126, 193, 146, 53, 68, 52, 21, 20, 22, 0, 95, 104, 182, 71, 215, 60, 16, 19, 44, 147, 222, 63, 221, 180, 88, 64, 106, 173, 35, 188, 129, 127, 126, 193, 32, 53, 139, 53, 21, 20, 22, 0, 190, 105, 162, 69, 49, 63, 109, 17, 232, 114, 26, 64, 83, 44, 51, 64, 138, 173, 35, 188, 129, 127, 126, 193, 172, 54, 227, 54, 22, 21, 20, 23, 73, 107, 166, 72, 75, 53, 195, 22, 80, 229, 49, 64, 233, 63, 215, 63, 210, 173, 35, 188, 129, 127, 126, 193, 131, 55, 185, 56, 22, 23, 24, 21, 91, 107, 47, 86, 27, 35, 87, 27, 102, 46, 30, 64, 62, 56, 147, 63, 250, 173, 35, 188, 129, 127, 126, 193, 206, 54, 85, 57, 22, 23, 24, 21, 64, 107, 208, 91, 51, 34, 186, 22, 174, 8, 66, 64, 4, 5, 23, 63, 26, 174, 35, 188, 129, 127, 126, 193, 11, 56, 250, 57, 23, 24, 22, 21, 205, 121, 63, 91, 232, 42, 8, 0, 39, 83, 89, 64, 157, 167, 47, 64, 131, 173, 35, 188, 129, 127, 126, 193, 118, 56, 3, 55, 22, 23, 24, 21, 120, 104, 216, 92, 33, 30, 140, 28, 59, 156, 69, 64, 200, 163, 13, 64, 170, 173, 35, 188, 129, 127, 126, 193, 27, 56, 29, 56, 22, 23, 24, 21, 148, 100, 163, 91, 238, 33, 216, 29, 143, 197, 112, 64, 126, 54, 208, 63, 202, 173, 35, 188, 129, 127, 126, 193, 225, 56, 201, 56, 23, 24, 22, 21, 187, 122, 104, 83, 205, 49, 13, 0, 37, 126, 240, 62, 142, 146, 164, 64, 3, 173, 35, 188, 129, 127, 126, 193, 111, 48, 19, 46, 0, 20, 21, 22, 6, 241, 105, 14, 129, 0, 13, 0, 129, 183, 199, 62, 249, 226, 145, 64, 42, 173, 35, 188, 129, 127, 126, 193, 18, 48, 182, 49, 0, 20, 21, 0, 130, 235, 87, 19, 36, 1, 0, 0, 134, 64, 136, 63, 103, 61, 126, 64, 74, 173, 35, 188, 129, 127, 126, 193, 41, 51, 51, 52, 0, 20, 21, 22, 43, 119, 30, 85, 251, 46, 185, 4, 217, 240, 158, 62, 199, 102, 126, 64, 82, 173, 35, 188, 129, 127, 126, 193, 105, 47, 50, 52, 0, 20, 21, 0, 230, 246, 10, 9, 14, 0, 0, 0, 98, 84, 108, 62, 158, 7, 89, 64, 121, 173, 35, 188, 129, 127, 126, 193, 174, 46, 136, 53, 0, 20, 21, 22, 96, 246, 23, 9, 120, 0, 14, 0, 55, 126, 74, 63, 190, 44, 53, 64, 153, 173, 35, 188, 129, 127, 126, 193, 232, 49, 209, 54, 0, 20, 21, 22, 250, 135, 27, 61, 50, 56, 182, 2, 162, 127, 109, 63, 19, 181, 89, 64, 114, 173, 35, 188, 129, 127, 126, 193, 137, 50, 130, 53, 0, 20, 21, 22, 8, 133, 42, 68, 250, 51, 209, 2, 58, 193, 153, 63, 222, 98, 145, 64, 35, 173, 35, 188, 129, 127, 126, 193, 202, 51, 201, 49, 0, 20, 21, 22, 120, 119, 38, 83, 30, 48, 65, 5, 255, 17, 132, 64, 62, 72, 9, 64, 162, 173, 35, 188, 129, 127, 126, 193, 76, 57, 49, 56, 23, 24, 22, 21, 71, 122, 23, 84, 141, 49, 19, 0, 31, 103, 89, 64, 124, 220, 141, 63, 242, 173, 35, 188, 129, 127, 126, 193, 118, 56, 98, 57, 23, 24, 22, 21, 233, 121, 67, 85, 167, 48, 42, 0, 78, 130, 42, 64, 252, 6, 86, 64, 99, 173, 35, 188, 129, 127, 127, 193, 63, 55, 164, 53, 22, 21, 20, 23, 95, 100, 162, 70, 172, 61, 79, 23, 131, 99, 10, 64, 169, 81, 16, 64, 178, 173, 35, 188, 129, 127, 126, 193, 24, 54, 17, 56, 22, 21, 20, 23, 157, 112, 138, 74, 145, 40, 69, 28, 92, 53, 148, 64, 211, 74, 29, 189, 50, 174, 35, 188, 129, 127, 126, 193, 224, 57, 178, 58, 24, 23, 22, 0, 245, 220, 100, 32, 135, 2, 30, 0, 216, 226, 178, 64, 247, 37, 114, 63, 226, 173, 35, 188, 129, 127, 126, 193, 250, 58, 145, 57, 24, 23, 22, 21, 29, 224, 139, 30, 67, 1, 17, 0 ),
"array_index_data": PoolByteArray( 80, 0, 3, 0, 46, 0, 80, 0, 46, 0, 126, 0, 28, 0, 80, 0, 126, 0, 126, 0, 46, 0, 16, 0, 28, 0, 126, 0, 115, 0, 58, 0, 28, 0, 115, 0, 126, 0, 16, 0, 113, 0, 115, 0, 126, 0, 113, 0, 113, 0, 16, 0, 68, 0, 58, 0, 115, 0, 125, 0, 10, 0, 58, 0, 125, 0, 115, 0, 113, 0, 43, 0, 125, 0, 115, 0, 43, 0, 113, 0, 68, 0, 151, 0, 43, 0, 113, 0, 151, 0, 151, 0, 68, 0, 5, 0, 10, 0, 125, 0, 60, 0, 73, 0, 10, 0, 60, 0, 125, 0, 43, 0, 114, 0, 60, 0, 125, 0, 114, 0, 43, 0, 151, 0, 116, 0, 114, 0, 43, 0, 116, 0, 151, 0, 5, 0, 53, 0, 116, 0, 151, 0, 53, 0, 53, 0, 5, 0, 50, 0, 114, 0, 116, 0, 124, 0, 53, 0, 50, 0, 123, 0, 123, 0, 50, 0, 20, 0, 116, 0, 53, 0, 23, 0, 23, 0, 53, 0, 123, 0, 124, 0, 116, 0, 23, 0, 123, 0, 20, 0, 117, 0, 117, 0, 20, 0, 72, 0, 23, 0, 123, 0, 119, 0, 119, 0, 123, 0, 117, 0, 124, 0, 23, 0, 75, 0, 75, 0, 23, 0, 119, 0, 117, 0, 72, 0, 152, 0, 152, 0, 72, 0, 2, 0, 152, 0, 2, 0, 48, 0, 119, 0, 117, 0, 44, 0, 44, 0, 117, 0, 152, 0, 120, 0, 152, 0, 48, 0, 44, 0, 152, 0, 120, 0, 120, 0, 48, 0, 18, 0, 122, 0, 119, 0, 44, 0, 75, 0, 119, 0, 122, 0, 118, 0, 44, 0, 120, 0, 122, 0, 44, 0, 118, 0, 121, 0, 120, 0, 18, 0, 118, 0, 120, 0, 121, 0, 121, 0, 18, 0, 70, 0, 61, 0, 122, 0, 118, 0, 83, 0, 121, 0, 70, 0, 83, 0, 70, 0, 9, 0, 31, 0, 118, 0, 121, 0, 31, 0, 121, 0, 83, 0, 61, 0, 118, 0, 31, 0, 147, 0, 83, 0, 9, 0, 147, 0, 9, 0, 57, 0, 97, 0, 31, 0, 83, 0, 97, 0, 83, 0, 147, 0, 138, 0, 61, 0, 31, 0, 138, 0, 31, 0, 97, 0, 100, 0, 147, 0, 57, 0, 100, 0, 57, 0, 27, 0, 39, 0, 97, 0, 147, 0, 39, 0, 147, 0, 100, 0, 99, 0, 138, 0, 97, 0, 99, 0, 97, 0, 39, 0, 136, 0, 100, 0, 27, 0, 136, 0, 27, 0, 79, 0, 98, 0, 39, 0, 100, 0, 98, 0, 100, 0, 136, 0, 137, 0, 99, 0, 39, 0, 137, 0, 39, 0, 98, 0, 78, 0, 136, 0, 79, 0, 78, 0, 79, 0, 7, 0, 26, 0, 98, 0, 136, 0, 26, 0, 136, 0, 78, 0, 56, 0, 137, 0, 98, 0, 56, 0, 98, 0, 26, 0, 149, 0, 78, 0, 7, 0, 149, 0, 7, 0, 52, 0, 105, 0, 26, 0, 78, 0, 105, 0, 78, 0, 149, 0, 132, 0, 56, 0, 26, 0, 132, 0, 26, 0, 105, 0, 108, 0, 149, 0, 52, 0, 108, 0, 52, 0, 22, 0, 41, 0, 105, 0, 149, 0, 41, 0, 149, 0, 108, 0, 107, 0, 132, 0, 105, 0, 107, 0, 105, 0, 41, 0, 130, 0, 108, 0, 22, 0, 130, 0, 22, 0, 74, 0, 106, 0, 41, 0, 108, 0, 106, 0, 108, 0, 130, 0, 131, 0, 107, 0, 41, 0, 131, 0, 41, 0, 106, 0, 87, 0, 130, 0, 74, 0, 87, 0, 74, 0, 13, 0, 35, 0, 106, 0, 130, 0, 35, 0, 130, 0, 87, 0, 65, 0, 131, 0, 106, 0, 65, 0, 106, 0, 35, 0, 146, 0, 87, 0, 13, 0, 146, 0, 13, 0, 63, 0, 93, 0, 35, 0, 87, 0, 93, 0, 87, 0, 146, 0, 141, 0, 65, 0, 35, 0, 141, 0, 35, 0, 93, 0, 96, 0, 146, 0, 63, 0, 96, 0, 63, 0, 33, 0, 38, 0, 93, 0, 146, 0, 38, 0, 146, 0, 96, 0, 95, 0, 141, 0, 93, 0, 95, 0, 93, 0, 38, 0, 139, 0, 96, 0, 33, 0, 139, 0, 33, 0, 85, 0, 45, 0, 85, 0, 1, 0, 45, 0, 139, 0, 85, 0, 15, 0, 139, 0, 45, 0, 94, 0, 96, 0, 139, 0, 15, 0, 94, 0, 139, 0, 94, 0, 38, 0, 96, 0, 67, 0, 94, 0, 15, 0, 140, 0, 38, 0, 94, 0, 67, 0, 140, 0, 94, 0, 140, 0, 95, 0, 38, 0, 4, 0, 140, 0, 67, 0, 4, 0, 86, 0, 140, 0, 86, 0, 95, 0, 140, 0, 49, 0, 86, 0, 4, 0, 86, 0, 34, 0, 95, 0, 34, 0, 141, 0, 95, 0, 49, 0, 142, 0, 86, 0, 142, 0, 34, 0, 86, 0, 19, 0, 142, 0, 49, 0, 34, 0, 64, 0, 141, 0, 64, 0, 65, 0, 141, 0, 142, 0, 92, 0, 34, 0, 92, 0, 64, 0, 34, 0, 19, 0, 90, 0, 142, 0, 90, 0, 92, 0, 142, 0, 71, 0, 90, 0, 19, 0, 64, 0, 14, 0, 65, 0, 14, 0, 131, 0, 65, 0, 71, 0, 143, 0, 90, 0, 0, 0, 143, 0, 71, 0, 0, 0, 47, 0, 143, 0, 143, 0, 37, 0, 90, 0, 90, 0, 37, 0, 92, 0, 47, 0, 91, 0, 143, 0, 143, 0, 91, 0, 37, 0, 47, 0, 17, 0, 91, 0, 37, 0, 145, 0, 92, 0, 92, 0, 145, 0, 64, 0, 145, 0, 14, 0, 64, 0, 91, 0, 89, 0, 37, 0, 37, 0, 89, 0, 145, 0, 17, 0, 144, 0, 91, 0, 91, 0, 144, 0, 89, 0, 17, 0, 69, 0, 144, 0, 89, 0, 88, 0, 145, 0, 145, 0, 88, 0, 14, 0, 144, 0, 36, 0, 89, 0, 89, 0, 36, 0, 88, 0, 69, 0, 66, 0, 144, 0, 144, 0, 66, 0, 36, 0, 69, 0, 12, 0, 66, 0, 88, 0, 76, 0, 14, 0, 14, 0, 76, 0, 131, 0, 76, 0, 107, 0, 131, 0, 88, 0, 127, 0, 76, 0, 36, 0, 127, 0, 88, 0, 76, 0, 24, 0, 107, 0, 127, 0, 24, 0, 76, 0, 24, 0, 132, 0, 107, 0, 36, 0, 110, 0, 127, 0, 66, 0, 110, 0, 36, 0, 127, 0, 112, 0, 24, 0, 110, 0, 112, 0, 127, 0, 24, 0, 54, 0, 132, 0, 112, 0, 54, 0, 24, 0, 54, 0, 56, 0, 132, 0, 66, 0, 128, 0, 110, 0, 12, 0, 128, 0, 66, 0, 12, 0, 62, 0, 128, 0, 54, 0, 8, 0, 56, 0, 8, 0, 137, 0, 56, 0, 62, 0, 111, 0, 128, 0, 62, 0, 32, 0, 111, 0, 128, 0, 42, 0, 110, 0, 128, 0, 111, 0, 42, 0, 110, 0, 42, 0, 112, 0, 32, 0, 129, 0, 111, 0, 32, 0, 84, 0, 129, 0, 111, 0, 109, 0, 42, 0, 111, 0, 129, 0, 109, 0, 42, 0, 150, 0, 112, 0, 112, 0, 150, 0, 54, 0, 42, 0, 109, 0, 150, 0, 150, 0, 8, 0, 54, 0, 109, 0, 77, 0, 150, 0, 150, 0, 77, 0, 8, 0, 129, 0, 25, 0, 109, 0, 109, 0, 25, 0, 77, 0, 84, 0, 55, 0, 129, 0, 129, 0, 55, 0, 25, 0, 84, 0, 6, 0, 55, 0, 77, 0, 81, 0, 8, 0, 8, 0, 81, 0, 137, 0, 81, 0, 99, 0, 137, 0, 77, 0, 133, 0, 81, 0, 25, 0, 133, 0, 77, 0, 81, 0, 29, 0, 99, 0, 133, 0, 29, 0, 81, 0, 29, 0, 138, 0, 99, 0, 25, 0, 102, 0, 133, 0, 55, 0, 102, 0, 25, 0, 133, 0, 104, 0, 29, 0, 102, 0, 104, 0, 133, 0, 29, 0, 59, 0, 138, 0, 104, 0, 59, 0, 29, 0, 59, 0, 61, 0, 138, 0, 55, 0, 134, 0, 102, 0, 6, 0, 134, 0, 55, 0, 6, 0, 51, 0, 134, 0, 59, 0, 11, 0, 61, 0, 11, 0, 122, 0, 61, 0, 11, 0, 75, 0, 122, 0, 148, 0, 11, 0, 59, 0, 104, 0, 148, 0, 59, 0, 82, 0, 75, 0, 11, 0, 148, 0, 82, 0, 11, 0, 82, 0, 124, 0, 75, 0, 40, 0, 148, 0, 104, 0, 102, 0, 40, 0, 104, 0, 134, 0, 40, 0, 102, 0, 101, 0, 82, 0, 148, 0, 40, 0, 101, 0, 148, 0, 30, 0, 124, 0, 82, 0, 101, 0, 30, 0, 82, 0, 30, 0, 114, 0, 124, 0, 60, 0, 114, 0, 30, 0, 134, 0, 103, 0, 40, 0, 103, 0, 101, 0, 40, 0, 51, 0, 103, 0, 134, 0, 51, 0, 21, 0, 103, 0, 135, 0, 30, 0, 101, 0, 103, 0, 135, 0, 101, 0, 135, 0, 60, 0, 30, 0, 21, 0, 135, 0, 103, 0, 73, 0, 60, 0, 135, 0, 21, 0, 73, 0, 135, 0 ),
"blend_shape_data": [  ],
"format": 6389207,
"index_count": 768,
"material": SubResource( 1 ),
"primitive": 4,
"skeleton_aabb": [ AABB( -0.0748536, -0.0384014, -0.00999027, 5.2993, 5.77632, 1.01728e-05 ), AABB( 0, 0, 0, -1, -1, -1 ), AABB( 0, 0, 0, -1, -1, -1 ), AABB( 0, 0, 0, -1, -1, -1 ), AABB( 0, 0, 0, -1, -1, -1 ), AABB( 0, 0, 0, -1, -1, -1 ), AABB( 0, 0, 0, -1, -1, -1 ), AABB( 0, 0, 0, -1, -1, -1 ), AABB( 0, 0, 0, -1, -1, -1 ), AABB( 0, 0, 0, -1, -1, -1 ), AABB( 0, 0, 0, -1, -1, -1 ), AABB( 0, 0, 0, -1, -1, -1 ), AABB( 0, 0, 0, -1, -1, -1 ), AABB( 0, 0, 0, -1, -1, -1 ), AABB( 0, 0, 0, -1, -1, -1 ), AABB( 0, 0, 0, -1, -1, -1 ), AABB( 0, 0, 0, -1, -1, -1 ), AABB( 0, 0, 0, -1, -1, -1 ), AABB( 0, 0, 0, -1, -1, -1 ), AABB( 0, 0, 0, -1, -1, -1 ), AABB( -0.0748536, -0.810665, -0.00999032, 5.77685, 6.25334, 1.0225e-05 ), AABB( -0.0748536, -1.05346, -0.00999033, 5.66504, 6.49614, 1.02408e-05 ), AABB( -0.0748536, -0.530548, -0.0099903, 5.90471, 5.97322, 1.02101e-05 ), AABB( 1.78591, -1.05346, -0.00999033, 4.42398, 4.973, 1.01496e-05 ), AABB( 2.31756, -1.05346, -0.00999033, 3.89233, 4.06381, 1.01496e-05 ) ],
"vertex_count": 153
}

[sub_resource type="Skin" id=3]
resource_name = "Skin"
bind_count = 31
bind/0/name = "Hips"
bind/0/bone = -1
bind/0/pose = Transform( -0.994309, -0.106533, 2.32167e-08, -0.106533, 0.994309, -3.96619e-08, -2.99965e-08, -4.15056e-09, -1, 0.52595, -4.30199, 1.9926e-08 )
bind/1/name = "Chest"
bind/1/bone = -1
bind/1/pose = Transform( -0.997932, 0.0642847, -6.12767e-09, 0.0642847, 0.997931, -3.69649e-08, -7.39851e-09, 4.76596e-10, -1, -0.33469, -5.027, -3.14128e-09 )
bind/2/name = "Neck"
bind/2/bone = -1
bind/2/pose = Transform( -0.985348, -0.170501, -0.0044623, -0.170503, 0.985357, -3.93484e-08, 0.00439695, 0.000760832, -0.99999, 1.21785, -6.50506, -0.00543445 )
bind/3/name = "Head"
bind/3/bone = -1
bind/3/pose = Transform( -0.998473, 2.23357e-08, -0.0552458, 2.37663e-08, 1, -3.7394e-08, 0.0552458, -1.70221e-09, -0.998473, 0.0449182, -6.88278, -0.00248533 )
bind/4/name = "Arm.L"
bind/4/bone = -1
bind/4/pose = Transform( 0.999073, 0.042306, 6.14417e-09, 0.0423039, -0.999105, 3.74071e-08, -3.41576e-09, 6.45247e-10, -1, -0.431833, 6.2417, 0.38753 )
bind/5/name = "ForeArm.L"
bind/5/bone = -1
bind/5/pose = Transform( 0.955273, -0.295626, -8.71787e-08, -0.295617, -0.955304, 3.27789e-08, -1.04106e-07, 3.22174e-08, -1, 1.25634, 4.81045, 0.38753 )
bind/6/name = "Hand.L"
bind/6/bone = -1
bind/6/pose = Transform( 0.998876, -0.0467234, 6.05131e-09, -0.0467227, -0.998908, 3.71973e-08, -6.83015e-09, 3.19487e-10, -1, 0.301999, 3.84567, 0.38753 )
bind/7/name = "Arm.R"
bind/7/bone = -1
bind/7/pose = Transform( 0.999073, 0.042306, 6.14417e-09, 0.0423039, -0.999105, 3.74071e-08, -3.41576e-09, 6.45247e-10, -1, -0.331926, 6.24593, -0.354205 )
bind/8/name = "ForeArm.R"
bind/8/bone = -1
bind/8/pose = Transform( 0.955273, -0.295626, -4.97868e-08, -0.295617, -0.955304, 3.27789e-08, -6.83866e-08, 2.11634e-08, -1, 1.35187, 4.78089, -0.354206 )
bind/9/name = "Hand.R"
bind/9/bone = -1
bind/9/pose = Transform( 0.998876, -0.0467234, -1.40319e-09, -0.0467227, -0.998908, 3.71973e-08, -1.42763e-08, 6.67788e-10, -1, 0.401887, 3.84099, -0.354205 )
bind/10/name = "DeformBreasts"
bind/10/bone = -1
bind/10/pose = Transform( 0.185831, -0.982581, 1.06011e-06, -0.982582, -0.185831, -8.44276e-08, 2.68822e-07, -9.88201e-07, -1, 5.83632, 0.889687, 5.82971e-06 )
bind/11/name = "Nipples"
bind/11/bone = -1
bind/11/pose = Transform( -0.224226, -0.974537, 1.14143e-06, -0.974537, 0.224226, 1.08067e-08, -2.77608e-07, -1.07219e-06, -1, 5.45319, -2.09698, 5.867e-06 )
bind/12/name = "LegUpper.L"
bind/12/bone = -1
bind/12/pose = Transform( 0.998981, 0.0450611, 1.15144e-08, 0.0450614, -0.998984, 5.67088e-08, 2.92265e-09, -1.83733e-08, -1, -0.342521, 3.99024, 0.238884 )
bind/13/name = "LegDown.L"
bind/13/bone = -1
bind/13/pose = Transform( 0.998838, 0.0481121, -1.10481e-07, 0.0481125, -0.998842, 2.12452e-08, -1.20466e-07, 1.1223e-08, -1, -0.348906, 2.08993, 0.238884 )
bind/14/name = "Foot.L"
bind/14/bone = -1
bind/14/pose = Transform( 0.486087, -0.87391, 1.07538e-06, -0.873906, -0.486088, 8.62297e-09, 5.04058e-07, -9.06219e-07, -1, 0.14773, 0.462377, 0.238884 )
bind/15/name = "DeformThigh.L"
bind/15/bone = -1
bind/15/pose = Transform( 2.60769e-08, 1, 7.54979e-08, 0.999997, -6.33297e-07, 1.11354e-08, 1.58319e-14, 1.13257e-07, -1, -3.61767, -0.364876, 0.238883 )
bind/16/name = "Penis"
bind/16/bone = -1
bind/16/pose = Transform( 0.0567872, -0.998386, -5.56076e-07, -0.998386, -0.0567871, -8.975e-09, -3.37547e-08, 5.93448e-07, -1, 3.89244, -0.0586572, -2.3144e-06 )
bind/17/name = "Balls"
bind/17/bone = -1
bind/17/pose = Transform( 1, 1.49012e-07, -2.38419e-07, 2.01166e-07, -1, -1.51046e-07, -2.49556e-07, 1.88805e-07, -1, 0.241808, 3.68077, -7.83153e-07 )
bind/18/name = "Penis2"
bind/18/bone = -1
bind/18/pose = Transform( -1.87571e-14, -1, -5.52335e-07, -1, 4.84288e-08, -1.11372e-08, -3.5527e-15, 5.90094e-07, -1, 3.85173, -0.826301, -2.2736e-06 )
bind/19/name = "Penis3"
bind/19/bone = -1
bind/19/pose = Transform( -1.96228e-21, -1, -5.52335e-07, -1, 4.84288e-08, -1.11372e-08, 1.15793e-27, 5.90094e-07, -1, 3.85173, -1.40513, -2.2736e-06 )
bind/20/name = "Tail1"
bind/20/bone = -1
bind/20/pose = Transform( 0.707107, 0.707107, 5.26836e-09, 0.707107, -0.707106, 3.45748e-08, 1.70362e-08, 1.70362e-08, -1, -3.49697, 2.72398, -8.49116e-08 )
bind/21/name = "Tail2"
bind/21/bone = -1
bind/21/pose = Transform( 0.707107, 0.707107, -6.32203e-08, 0.707107, -0.707106, 3.45748e-08, -3.13926e-08, -3.13926e-08, -1, -3.49697, 1.55751, 1.54591e-07 )
bind/22/name = "Tail3"
bind/22/bone = -1
bind/22/pose = Transform( 0.707107, 0.707107, 6.84886e-08, 0.707107, -0.707107, 3.45748e-08, 6.17396e-08, 6.17396e-08, -1, -3.49697, 0.335625, -3.05991e-07 )
bind/23/name = "Tail4"
bind/23/bone = -1
bind/23/pose = Transform( 0.707107, 0.707107, 6.84887e-08, 0.707107, -0.707106, 3.45748e-08, 6.17397e-08, 6.17397e-08, -1, -3.49697, -0.901812, -3.05991e-07 )
bind/24/name = "Tail5"
bind/24/bone = -1
bind/24/pose = Transform( 0.707107, 0.707107, -1.2644e-07, 0.707107, -0.707106, 3.45748e-08, -7.60961e-08, -7.60961e-08, -1, -3.49697, -2.11139, 3.7567e-07 )
bind/25/name = "LegUpper.R"
bind/25/bone = -1
bind/25/pose = Transform( 0.998981, 0.0450611, 1.14822e-08, 0.0450614, -0.998984, 4.10171e-08, 2.18167e-09, -2.6991e-09, -1, -0.242623, 3.99474, -0.209835 )
bind/26/name = "LegDown.R"
bind/26/bone = -1
bind/26/pose = Transform( 0.998838, 0.0481121, -1.25364e-07, 0.0481125, -0.998842, 2.97481e-08, -1.34924e-07, 2.01379e-09, -1, -0.249022, 2.09474, -0.209835 )
bind/27/name = "Foot.R"
bind/27/bone = -1
bind/27/pose = Transform( 0.486087, -0.87391, 4.58786e-07, -0.873906, -0.486088, -1.14963e-08, 2.2192e-07, -3.5759e-07, -1, 0.19634, 0.374986, -0.209835 )
bind/28/name = "DeformThigh.R"
bind/28/bone = -1
bind/28/pose = Transform( 4.0978e-08, 1, 7.54979e-08, 0.999997, -6.48198e-07, 1.11372e-08, -2.86655e-14, 1.13257e-07, -1, -3.61767, -0.264876, -0.209836 )
bind/29/name = "DeformBelly"
bind/29/bone = -1
bind/29/pose = Transform( 0.127554, -0.991832, 5.86852e-07, -0.991832, -0.127554, -2.3368e-08, 8.68952e-08, -5.41319e-07, -1, 4.73784, 0.229201, 2.55004e-06 )
bind/30/name = "DeformButt"
bind/30/bone = -1
bind/30/pose = Transform( 0.31345, 0.949604, -8.4791e-07, 0.949605, -0.31345, -5.59528e-08, -3.30048e-07, -7.49881e-07, -1, -4.0694, 1.33643, 3.13489e-06 )

[sub_resource type="SpatialMaterial" id=4]
resource_name = "tail.png"
flags_transparent = true
flags_unshaded = true
vertex_color_use_as_albedo = true
params_cull_mode = 2
params_depth_draw_mode = 3
albedo_texture = ExtResource( 2 )

[node name="FluffyFelineTail" instance=ExtResource( 1 )]

[node name="fluffytail" type="MeshInstance" parent="." index="0"]
mesh = SubResource( 2 )
skin = SubResource( 3 )
material/0 = SubResource( 4 )
script = ExtResource( 3 )
bodypartSlot = "tail"
customSkinPattern = ExtResource( 4 )
