[gd_scene load_steps=6 format=2]

[ext_resource path="res://Player/Player3D/Parts/Part3D.tscn" type="PackedScene" id=1]
[ext_resource path="res://Player/Player3D/Parts/Breasts/BreastsMedium/breasts2.png" type="Texture" id=2]

[sub_resource type="SpatialMaterial" id=6]
resource_name = "breasts2.png"
flags_transparent = true
vertex_color_use_as_albedo = true
params_cull_mode = 2
params_depth_draw_mode = 3
albedo_texture = ExtResource( 2 )
metallic = 1.0

[sub_resource type="ArrayMesh" id=7]
resource_name = "Tail_breasts2png"
surfaces/0 = {
"aabb": AABB( -0.720475, 5.27083, 0.01001, 0.64, 1.28, 9.99961e-06 ),
"array_data": PoolByteArray( 79, 160, 137, 190, 58, 210, 205, 64, 251, 0, 36, 60, 127, 129, 126, 193, 165, 57, 242, 45, 1, 3, 2, 0, 179, 192, 39, 34, 35, 29, 0, 0, 79, 160, 137, 190, 58, 210, 205, 64, 251, 0, 36, 60, 127, 127, 126, 193, 165, 57, 242, 45, 1, 3, 2, 0, 179, 192, 39, 34, 35, 29, 0, 0, 79, 160, 137, 190, 58, 210, 205, 64, 251, 0, 36, 60, 127, 127, 126, 193, 165, 57, 242, 45, 1, 3, 2, 0, 179, 192, 39, 34, 35, 29, 0, 0, 182, 149, 12, 191, 206, 192, 193, 64, 251, 0, 36, 60, 127, 129, 126, 193, 72, 52, 51, 54, 1, 3, 0, 0, 189, 253, 38, 2, 26, 0, 0, 0, 182, 149, 12, 191, 206, 192, 193, 64, 251, 0, 36, 60, 127, 127, 126, 193, 72, 52, 51, 54, 1, 3, 0, 0, 189, 253, 38, 2, 26, 0, 0, 0, 182, 149, 12, 191, 206, 192, 193, 64, 251, 0, 36, 60, 127, 127, 126, 193, 72, 52, 51, 54, 1, 3, 0, 0, 189, 253, 38, 2, 26, 0, 0, 0, 14, 113, 56, 191, 158, 122, 178, 64, 251, 0, 36, 60, 127, 127, 126, 193, 0, 0, 21, 58, 1, 0, 0, 0, 45, 223, 209, 32, 0, 0, 0, 0, 58, 165, 23, 191, 40, 17, 170, 64, 251, 0, 36, 60, 127, 129, 126, 193, 103, 50, 185, 59, 1, 0, 0, 0, 179, 189, 75, 66, 0, 0, 0, 0, 58, 165, 23, 191, 40, 17, 170, 64, 251, 0, 36, 60, 127, 127, 126, 193, 103, 50, 185, 59, 1, 0, 0, 0, 179, 189, 75, 66, 0, 0, 0, 0, 204, 178, 237, 190, 172, 170, 168, 64, 251, 0, 36, 60, 127, 127, 127, 193, 103, 54, 0, 60, 1, 0, 0, 0, 249, 186, 5, 69, 0, 0, 0, 0, 14, 113, 56, 191, 163, 119, 171, 64, 251, 0, 36, 60, 127, 127, 126, 193, 0, 0, 115, 59, 1, 0, 0, 0, 111, 198, 143, 57, 0, 0, 0, 0, 14, 113, 56, 191, 153, 125, 185, 64, 251, 0, 36, 60, 127, 127, 126, 193, 0, 0, 182, 56, 1, 0, 0, 0, 11, 241, 243, 14, 0, 0, 0, 0, 14, 113, 56, 191, 153, 125, 185, 64, 251, 0, 36, 60, 127, 127, 126, 193, 0, 0, 182, 56, 1, 0, 0, 0, 11, 241, 243, 14, 0, 0, 0, 0, 186, 116, 193, 190, 4, 4, 202, 64, 251, 0, 36, 60, 127, 127, 126, 193, 72, 56, 242, 49, 1, 3, 2, 0, 253, 215, 239, 22, 17, 17, 0, 0, 186, 116, 193, 190, 4, 4, 202, 64, 251, 0, 36, 60, 127, 127, 126, 193, 72, 56, 242, 49, 1, 3, 2, 0, 253, 215, 239, 22, 17, 17, 0, 0, 200, 151, 35, 190, 111, 160, 209, 64, 251, 0, 36, 60, 127, 129, 126, 193, 2, 59, 0, 0, 1, 3, 2, 0, 143, 152, 181, 54, 186, 48, 0, 0, 200, 151, 35, 190, 111, 160, 209, 64, 251, 0, 36, 60, 127, 127, 127, 193, 2, 59, 0, 0, 1, 3, 2, 0, 143, 152, 181, 54, 186, 48, 0, 0, 32, 208, 164, 189, 111, 160, 209, 64, 251, 0, 36, 60, 127, 127, 126, 193, 0, 60, 0, 0, 1, 2, 3, 0, 19, 143, 50, 86, 185, 26, 0, 0, 32, 208, 164, 189, 172, 170, 168, 64, 251, 0, 36, 60, 127, 127, 126, 193, 0, 60, 0, 60, 1, 0, 0, 0, 111, 234, 143, 21, 0, 0, 0, 0, 32, 208, 164, 189, 172, 170, 168, 64, 251, 0, 36, 60, 127, 127, 127, 193, 0, 60, 0, 60, 1, 0, 0, 0, 111, 234, 143, 21, 0, 0, 0, 0, 32, 208, 164, 189, 142, 37, 189, 64, 251, 0, 36, 60, 127, 127, 126, 193, 0, 60, 0, 56, 1, 0, 0, 0, 255, 255, 0, 0, 0, 0, 0, 0, 106, 115, 139, 190, 172, 170, 168, 64, 251, 0, 36, 60, 127, 129, 127, 193, 153, 57, 0, 60, 1, 0, 0, 0, 15, 203, 239, 52, 0, 0, 0, 0, 106, 115, 139, 190, 172, 170, 168, 64, 251, 0, 36, 60, 127, 129, 127, 193, 153, 57, 0, 60, 1, 0, 0, 0, 15, 203, 239, 52, 0, 0, 0, 0, 106, 115, 139, 190, 172, 170, 168, 64, 251, 0, 36, 60, 127, 129, 126, 193, 153, 57, 0, 60, 1, 0, 0, 0, 15, 203, 239, 52, 0, 0, 0, 0, 205, 224, 254, 190, 230, 207, 176, 64, 251, 0, 36, 60, 127, 129, 126, 193, 145, 53, 104, 58, 1, 0, 0, 0, 250, 222, 4, 33, 0, 0, 0, 0, 205, 224, 254, 190, 230, 207, 176, 64, 251, 0, 36, 60, 127, 127, 126, 193, 145, 53, 104, 58, 1, 0, 0, 0, 250, 222, 4, 33, 0, 0, 0, 0, 205, 224, 254, 190, 230, 207, 176, 64, 251, 0, 36, 60, 127, 127, 126, 193, 145, 53, 104, 58, 1, 0, 0, 0, 250, 222, 4, 33, 0, 0, 0, 0, 205, 224, 254, 190, 230, 207, 176, 64, 251, 0, 36, 60, 127, 127, 126, 193, 145, 53, 104, 58, 1, 0, 0, 0, 250, 222, 4, 33, 0, 0, 0, 0, 110, 89, 243, 190, 150, 255, 189, 64, 251, 0, 36, 60, 127, 129, 126, 193, 33, 54, 170, 55, 1, 0, 3, 0, 201, 250, 149, 4, 159, 0, 0, 0, 110, 89, 243, 190, 150, 255, 189, 64, 251, 0, 36, 60, 127, 129, 126, 193, 33, 54, 170, 55, 1, 0, 3, 0, 201, 250, 149, 4, 159, 0, 0, 0, 110, 89, 243, 190, 150, 255, 189, 64, 251, 0, 36, 60, 127, 127, 126, 193, 33, 54, 170, 55, 1, 0, 3, 0, 201, 250, 149, 4, 159, 0, 0, 0, 110, 89, 243, 190, 150, 255, 189, 64, 251, 0, 36, 60, 127, 127, 126, 193, 33, 54, 170, 55, 1, 0, 3, 0, 201, 250, 149, 4, 159, 0, 0, 0, 80, 221, 18, 190, 73, 4, 177, 64, 251, 0, 36, 60, 127, 129, 126, 193, 54, 59, 94, 58, 1, 0, 0, 0, 172, 245, 82, 10, 0, 0, 0, 0, 80, 221, 18, 190, 73, 4, 177, 64, 251, 0, 36, 60, 127, 127, 126, 193, 54, 59, 94, 58, 1, 0, 0, 0, 172, 245, 82, 10, 0, 0, 0, 0, 80, 221, 18, 190, 73, 4, 177, 64, 251, 0, 36, 60, 127, 127, 126, 193, 54, 59, 94, 58, 1, 0, 0, 0, 172, 245, 82, 10, 0, 0, 0, 0, 80, 221, 18, 190, 73, 4, 177, 64, 251, 0, 36, 60, 127, 127, 126, 193, 54, 59, 94, 58, 1, 0, 0, 0, 172, 245, 82, 10, 0, 0, 0, 0, 80, 221, 18, 190, 73, 4, 177, 64, 251, 0, 36, 60, 127, 127, 126, 193, 54, 59, 94, 58, 1, 0, 0, 0, 172, 245, 82, 10, 0, 0, 0, 0, 202, 146, 109, 190, 142, 222, 200, 64, 251, 0, 36, 60, 127, 127, 126, 193, 27, 58, 215, 50, 1, 3, 2, 0, 132, 228, 156, 14, 222, 12, 0, 0, 202, 146, 109, 190, 142, 222, 200, 64, 251, 0, 36, 60, 127, 127, 126, 193, 27, 58, 215, 50, 1, 3, 2, 0, 132, 228, 156, 14, 222, 12, 0, 0, 98, 131, 34, 191, 52, 159, 189, 64, 251, 0, 36, 60, 127, 129, 126, 193, 72, 48, 208, 55, 1, 0, 3, 0, 159, 249, 251, 5, 99, 0, 0, 0, 98, 131, 34, 191, 52, 159, 189, 64, 251, 0, 36, 60, 127, 127, 126, 193, 72, 48, 208, 55, 1, 0, 3, 0, 159, 249, 251, 5, 99, 0, 0, 0, 14, 113, 56, 191, 32, 249, 174, 64, 251, 0, 36, 60, 127, 127, 126, 193, 0, 0, 196, 58, 1, 0, 0, 0, 242, 209, 12, 46, 0, 0, 0, 0, 14, 113, 56, 191, 32, 249, 174, 64, 251, 0, 36, 60, 127, 127, 126, 193, 0, 0, 196, 58, 1, 0, 0, 0, 242, 209, 12, 46, 0, 0, 0, 0, 14, 113, 56, 191, 28, 252, 181, 64, 251, 0, 36, 60, 127, 127, 126, 193, 0, 0, 102, 57, 1, 0, 0, 0, 187, 232, 67, 23, 0, 0, 0, 0, 18, 80, 237, 190, 105, 226, 197, 64, 251, 0, 36, 60, 127, 129, 126, 193, 108, 54, 150, 52, 1, 3, 2, 0, 32, 238, 149, 11, 72, 6, 0, 0, 18, 80, 237, 190, 105, 226, 197, 64, 251, 0, 36, 60, 127, 127, 126, 193, 108, 54, 150, 52, 1, 3, 2, 0, 32, 238, 149, 11, 72, 6, 0, 0, 18, 80, 237, 190, 105, 226, 197, 64, 251, 0, 36, 60, 127, 127, 126, 193, 108, 54, 150, 52, 1, 3, 2, 0, 32, 238, 149, 11, 72, 6, 0, 0, 32, 208, 164, 189, 29, 232, 178, 64, 251, 0, 36, 60, 127, 127, 126, 193, 0, 60, 0, 58, 1, 0, 0, 0, 39, 251, 215, 4, 0, 0, 0, 0, 32, 208, 164, 189, 29, 232, 178, 64, 251, 0, 36, 60, 127, 127, 126, 193, 0, 60, 0, 58, 1, 0, 0, 0, 39, 251, 215, 4, 0, 0, 0, 0, 27, 147, 188, 190, 172, 170, 168, 64, 251, 0, 36, 60, 127, 129, 127, 193, 102, 56, 0, 60, 1, 0, 0, 0, 39, 194, 215, 61, 0, 0, 0, 0, 27, 147, 188, 190, 172, 170, 168, 64, 251, 0, 36, 60, 127, 127, 127, 193, 102, 56, 0, 60, 1, 0, 0, 0, 39, 194, 215, 61, 0, 0, 0, 0, 27, 147, 188, 190, 172, 170, 168, 64, 251, 0, 36, 60, 127, 127, 126, 193, 102, 56, 0, 60, 1, 0, 0, 0, 39, 194, 215, 61, 0, 0, 0, 0, 72, 227, 245, 190, 66, 203, 172, 64, 251, 0, 36, 60, 127, 129, 126, 193, 1, 54, 49, 59, 1, 0, 0, 0, 107, 209, 147, 46, 0, 0, 0, 0, 72, 227, 245, 190, 66, 203, 172, 64, 251, 0, 36, 60, 127, 129, 126, 193, 1, 54, 49, 59, 1, 0, 0, 0, 107, 209, 147, 46, 0, 0, 0, 0, 72, 227, 245, 190, 66, 203, 172, 64, 251, 0, 36, 60, 127, 127, 126, 193, 1, 54, 49, 59, 1, 0, 0, 0, 107, 209, 147, 46, 0, 0, 0, 0, 72, 227, 245, 190, 66, 203, 172, 64, 251, 0, 36, 60, 127, 127, 126, 193, 1, 54, 49, 59, 1, 0, 0, 0, 107, 209, 147, 46, 0, 0, 0, 0, 72, 227, 245, 190, 66, 203, 172, 64, 251, 0, 36, 60, 127, 127, 126, 193, 1, 54, 49, 59, 1, 0, 0, 0, 107, 209, 147, 46, 0, 0, 0, 0, 76, 247, 65, 190, 106, 51, 171, 64, 251, 0, 36, 60, 127, 129, 127, 193, 163, 58, 129, 59, 1, 0, 0, 0, 131, 228, 123, 27, 0, 0, 0, 0, 76, 247, 65, 190, 106, 51, 171, 64, 251, 0, 36, 60, 127, 129, 126, 193, 163, 58, 129, 59, 1, 0, 0, 0, 131, 228, 123, 27, 0, 0, 0, 0, 76, 247, 65, 190, 106, 51, 171, 64, 251, 0, 36, 60, 127, 129, 126, 193, 163, 58, 129, 59, 1, 0, 0, 0, 131, 228, 123, 27, 0, 0, 0, 0, 76, 247, 65, 190, 106, 51, 171, 64, 251, 0, 36, 60, 127, 127, 126, 193, 163, 58, 129, 59, 1, 0, 0, 0, 131, 228, 123, 27, 0, 0, 0, 0, 76, 247, 65, 190, 106, 51, 171, 64, 251, 0, 36, 60, 127, 127, 126, 193, 163, 58, 129, 59, 1, 0, 0, 0, 131, 228, 123, 27, 0, 0, 0, 0, 76, 247, 65, 190, 106, 51, 171, 64, 251, 0, 36, 60, 127, 127, 127, 193, 163, 58, 129, 59, 1, 0, 0, 0, 131, 228, 123, 27, 0, 0, 0, 0, 32, 208, 164, 189, 254, 98, 199, 64, 251, 0, 36, 60, 127, 127, 126, 193, 0, 60, 0, 52, 1, 2, 3, 0, 122, 252, 21, 2, 111, 1, 0, 0, 112, 167, 52, 190, 172, 170, 168, 64, 251, 0, 36, 60, 127, 129, 127, 193, 204, 58, 0, 60, 1, 0, 0, 0, 154, 220, 100, 35, 0, 0, 0, 0, 112, 167, 52, 190, 172, 170, 168, 64, 251, 0, 36, 60, 127, 127, 127, 193, 204, 58, 0, 60, 1, 0, 0, 0, 154, 220, 100, 35, 0, 0, 0, 0, 88, 165, 186, 190, 19, 179, 175, 64, 251, 0, 36, 60, 127, 129, 126, 193, 114, 56, 160, 58, 1, 0, 0, 0, 96, 226, 158, 29, 0, 0, 0, 0, 88, 165, 186, 190, 19, 179, 175, 64, 251, 0, 36, 60, 127, 127, 126, 193, 114, 56, 160, 58, 1, 0, 0, 0, 96, 226, 158, 29, 0, 0, 0, 0, 28, 85, 60, 190, 159, 227, 180, 64, 251, 0, 36, 60, 127, 129, 126, 193, 180, 58, 156, 57, 1, 0, 0, 0, 238, 248, 16, 7, 0, 0, 0, 0, 28, 85, 60, 190, 159, 227, 180, 64, 251, 0, 36, 60, 127, 127, 126, 193, 180, 58, 156, 57, 1, 0, 0, 0, 238, 248, 16, 7, 0, 0, 0, 0, 28, 85, 60, 190, 159, 227, 180, 64, 251, 0, 36, 60, 127, 127, 126, 193, 180, 58, 156, 57, 1, 0, 0, 0, 238, 248, 16, 7, 0, 0, 0, 0, 28, 85, 60, 190, 159, 227, 180, 64, 251, 0, 36, 60, 127, 127, 126, 193, 180, 58, 156, 57, 1, 0, 0, 0, 238, 248, 16, 7, 0, 0, 0, 0, 64, 211, 233, 189, 209, 251, 206, 64, 251, 0, 36, 60, 127, 129, 126, 193, 148, 59, 33, 44, 1, 2, 3, 0, 115, 199, 42, 32, 96, 24, 0, 0, 64, 211, 233, 189, 209, 251, 206, 64, 251, 0, 36, 60, 127, 129, 126, 193, 148, 59, 33, 44, 1, 2, 3, 0, 115, 199, 42, 32, 96, 24, 0, 0, 64, 211, 233, 189, 209, 251, 206, 64, 251, 0, 36, 60, 127, 127, 126, 193, 148, 59, 33, 44, 1, 2, 3, 0, 115, 199, 42, 32, 96, 24, 0, 0, 64, 211, 233, 189, 209, 251, 206, 64, 251, 0, 36, 60, 127, 127, 126, 193, 148, 59, 33, 44, 1, 2, 3, 0, 115, 199, 42, 32, 96, 24, 0, 0, 160, 235, 79, 190, 26, 31, 196, 64, 251, 0, 36, 60, 127, 129, 126, 193, 119, 58, 70, 53, 1, 3, 2, 0, 217, 248, 94, 4, 199, 2, 0, 0, 160, 235, 79, 190, 26, 31, 196, 64, 251, 0, 36, 60, 127, 127, 126, 193, 119, 58, 70, 53, 1, 3, 2, 0, 217, 248, 94, 4, 199, 2, 0, 0, 160, 235, 79, 190, 26, 31, 196, 64, 251, 0, 36, 60, 127, 127, 126, 193, 119, 58, 70, 53, 1, 3, 2, 0, 217, 248, 94, 4, 199, 2, 0, 0, 32, 208, 164, 189, 100, 201, 173, 64, 251, 0, 36, 60, 127, 129, 126, 193, 0, 60, 0, 59, 1, 0, 0, 0, 26, 252, 228, 3, 0, 0, 0, 0, 32, 208, 164, 189, 100, 201, 173, 64, 251, 0, 36, 60, 127, 127, 126, 193, 0, 60, 0, 59, 1, 0, 0, 0, 26, 252, 228, 3, 0, 0, 0, 0, 32, 208, 164, 189, 100, 201, 173, 64, 251, 0, 36, 60, 127, 127, 126, 193, 0, 60, 0, 59, 1, 0, 0, 0, 26, 252, 228, 3, 0, 0, 0, 0, 100, 81, 27, 191, 90, 13, 174, 64, 251, 0, 36, 60, 127, 129, 126, 193, 176, 49, 242, 58, 1, 0, 0, 0, 88, 208, 166, 47, 0, 0, 0, 0, 100, 81, 27, 191, 90, 13, 174, 64, 251, 0, 36, 60, 127, 127, 126, 193, 176, 49, 242, 58, 1, 0, 0, 0, 88, 208, 166, 47, 0, 0, 0, 0, 100, 81, 27, 191, 90, 13, 174, 64, 251, 0, 36, 60, 127, 127, 126, 193, 176, 49, 242, 58, 1, 0, 0, 0, 88, 208, 166, 47, 0, 0, 0, 0, 100, 81, 27, 191, 90, 13, 174, 64, 251, 0, 36, 60, 127, 127, 126, 193, 176, 49, 242, 58, 1, 0, 0, 0, 88, 208, 166, 47, 0, 0, 0, 0, 127, 238, 26, 191, 55, 84, 183, 64, 251, 0, 36, 60, 127, 129, 126, 193, 195, 49, 34, 57, 1, 0, 0, 0, 146, 237, 108, 18, 0, 0, 0, 0, 127, 238, 26, 191, 55, 84, 183, 64, 251, 0, 36, 60, 127, 127, 126, 193, 195, 49, 34, 57, 1, 0, 0, 0, 146, 237, 108, 18, 0, 0, 0, 0, 127, 238, 26, 191, 55, 84, 183, 64, 251, 0, 36, 60, 127, 127, 126, 193, 195, 49, 34, 57, 1, 0, 0, 0, 146, 237, 108, 18, 0, 0, 0, 0, 127, 238, 26, 191, 55, 84, 183, 64, 251, 0, 36, 60, 127, 127, 126, 193, 195, 49, 34, 57, 1, 0, 0, 0, 146, 237, 108, 18, 0, 0, 0, 0, 15, 2, 212, 190, 18, 200, 193, 64, 251, 0, 36, 60, 127, 129, 126, 193, 168, 55, 48, 54, 1, 3, 2, 0, 169, 252, 148, 2, 193, 0, 0, 0, 15, 2, 212, 190, 18, 200, 193, 64, 251, 0, 36, 60, 127, 129, 126, 193, 168, 55, 48, 54, 1, 3, 2, 0, 169, 252, 148, 2, 193, 0, 0, 0, 15, 2, 212, 190, 18, 200, 193, 64, 251, 0, 36, 60, 127, 129, 127, 193, 168, 55, 48, 54, 1, 3, 2, 0, 169, 252, 148, 2, 193, 0, 0, 0, 15, 2, 212, 190, 18, 200, 193, 64, 251, 0, 36, 60, 127, 127, 126, 193, 168, 55, 48, 54, 1, 3, 2, 0, 169, 252, 148, 2, 193, 0, 0, 0, 15, 2, 212, 190, 18, 200, 193, 64, 251, 0, 36, 60, 127, 127, 126, 193, 168, 55, 48, 54, 1, 3, 2, 0, 169, 252, 148, 2, 193, 0, 0, 0, 15, 2, 212, 190, 18, 200, 193, 64, 251, 0, 36, 60, 127, 127, 126, 193, 168, 55, 48, 54, 1, 3, 2, 0, 169, 252, 148, 2, 193, 0, 0, 0, 234, 30, 162, 190, 165, 175, 172, 64, 251, 0, 36, 60, 127, 129, 127, 193, 12, 57, 55, 59, 1, 0, 0, 0, 226, 220, 28, 35, 0, 0, 0, 0, 234, 30, 162, 190, 165, 175, 172, 64, 251, 0, 36, 60, 127, 129, 126, 193, 12, 57, 55, 59, 1, 0, 0, 0, 226, 220, 28, 35, 0, 0, 0, 0, 234, 30, 162, 190, 165, 175, 172, 64, 251, 0, 36, 60, 127, 127, 126, 193, 12, 57, 55, 59, 1, 0, 0, 0, 226, 220, 28, 35, 0, 0, 0, 0, 234, 30, 162, 190, 165, 175, 172, 64, 251, 0, 36, 60, 127, 127, 126, 193, 12, 57, 55, 59, 1, 0, 0, 0, 226, 220, 28, 35, 0, 0, 0, 0, 234, 30, 162, 190, 165, 175, 172, 64, 251, 0, 36, 60, 127, 127, 126, 193, 12, 57, 55, 59, 1, 0, 0, 0, 226, 220, 28, 35, 0, 0, 0, 0, 234, 30, 162, 190, 165, 175, 172, 64, 251, 0, 36, 60, 127, 127, 126, 193, 12, 57, 55, 59, 1, 0, 0, 0, 226, 220, 28, 35, 0, 0, 0, 0, 32, 208, 164, 189, 70, 68, 194, 64, 251, 0, 36, 60, 127, 129, 126, 193, 0, 60, 0, 54, 1, 0, 0, 0, 255, 255, 0, 0, 0, 0, 0, 0, 32, 208, 164, 189, 70, 68, 194, 64, 251, 0, 36, 60, 127, 127, 126, 193, 0, 60, 0, 54, 1, 0, 0, 0, 255, 255, 0, 0, 0, 0, 0, 0, 129, 223, 203, 190, 14, 175, 179, 64, 251, 0, 36, 60, 127, 129, 126, 193, 7, 56, 217, 57, 1, 0, 0, 0, 94, 235, 160, 20, 0, 0, 0, 0, 129, 223, 203, 190, 14, 175, 179, 64, 251, 0, 36, 60, 127, 127, 126, 193, 7, 56, 217, 57, 1, 0, 0, 0, 94, 235, 160, 20, 0, 0, 0, 0, 129, 223, 203, 190, 14, 175, 179, 64, 251, 0, 36, 60, 127, 127, 126, 193, 7, 56, 217, 57, 1, 0, 0, 0, 94, 235, 160, 20, 0, 0, 0, 0, 129, 223, 203, 190, 14, 175, 179, 64, 251, 0, 36, 60, 127, 127, 126, 193, 7, 56, 217, 57, 1, 0, 0, 0, 94, 235, 160, 20, 0, 0, 0, 0, 208, 110, 77, 190, 22, 196, 191, 64, 251, 0, 36, 60, 127, 129, 126, 193, 127, 58, 250, 54, 1, 0, 0, 0, 255, 255, 0, 0, 0, 0, 0, 0, 208, 110, 77, 190, 22, 196, 191, 64, 251, 0, 36, 60, 127, 127, 126, 193, 127, 58, 250, 54, 1, 0, 0, 0, 255, 255, 0, 0, 0, 0, 0, 0, 208, 110, 77, 190, 22, 196, 191, 64, 251, 0, 36, 60, 127, 127, 126, 193, 127, 58, 250, 54, 1, 0, 0, 0, 255, 255, 0, 0, 0, 0, 0, 0, 218, 170, 159, 190, 127, 110, 182, 64, 251, 0, 36, 60, 127, 129, 126, 193, 27, 57, 79, 57, 1, 0, 0, 0, 152, 245, 102, 10, 0, 0, 0, 0, 218, 170, 159, 190, 127, 110, 182, 64, 251, 0, 36, 60, 127, 127, 126, 193, 27, 57, 79, 57, 1, 0, 0, 0, 152, 245, 102, 10, 0, 0, 0, 0, 218, 170, 159, 190, 127, 110, 182, 64, 251, 0, 36, 60, 127, 127, 126, 193, 27, 57, 79, 57, 1, 0, 0, 0, 152, 245, 102, 10, 0, 0, 0, 0, 218, 170, 159, 190, 127, 110, 182, 64, 251, 0, 36, 60, 127, 127, 126, 193, 27, 57, 79, 57, 1, 0, 0, 0, 152, 245, 102, 10, 0, 0, 0, 0, 32, 208, 164, 189, 213, 6, 184, 64, 251, 0, 36, 60, 127, 129, 126, 193, 0, 60, 0, 57, 1, 0, 0, 0, 255, 255, 0, 0, 0, 0, 0, 0, 32, 208, 164, 189, 213, 6, 184, 64, 251, 0, 36, 60, 127, 127, 126, 193, 0, 60, 0, 57, 1, 0, 0, 0, 255, 255, 0, 0, 0, 0, 0, 0, 32, 208, 164, 189, 213, 6, 184, 64, 251, 0, 36, 60, 127, 127, 126, 193, 0, 60, 0, 57, 1, 0, 0, 0, 255, 255, 0, 0, 0, 0, 0, 0, 32, 208, 164, 189, 183, 129, 204, 64, 251, 0, 36, 60, 127, 129, 126, 193, 0, 60, 0, 48, 1, 2, 3, 0, 229, 233, 45, 14, 236, 7, 0, 0, 32, 208, 164, 189, 183, 129, 204, 64, 251, 0, 36, 60, 127, 127, 126, 193, 0, 60, 0, 48, 1, 2, 3, 0, 229, 233, 45, 14, 236, 7, 0, 0, 247, 222, 173, 190, 164, 88, 197, 64, 251, 0, 36, 60, 127, 129, 126, 193, 194, 56, 204, 52, 1, 3, 2, 0, 97, 241, 63, 9, 94, 5, 0, 0, 247, 222, 173, 190, 164, 88, 197, 64, 251, 0, 36, 60, 127, 127, 126, 193, 194, 56, 204, 52, 1, 3, 2, 0, 97, 241, 63, 9, 94, 5, 0, 0, 247, 222, 173, 190, 164, 88, 197, 64, 251, 0, 36, 60, 127, 127, 126, 193, 194, 56, 204, 52, 1, 3, 2, 0, 97, 241, 63, 9, 94, 5, 0, 0, 247, 222, 173, 190, 164, 88, 197, 64, 251, 0, 36, 60, 127, 127, 126, 193, 194, 56, 204, 52, 1, 3, 2, 0, 97, 241, 63, 9, 94, 5, 0, 0, 28, 47, 105, 190, 216, 159, 174, 64, 251, 0, 36, 60, 127, 129, 126, 193, 40, 58, 214, 58, 1, 0, 0, 0, 161, 234, 93, 21, 0, 0, 0, 0, 28, 47, 105, 190, 216, 159, 174, 64, 251, 0, 36, 60, 127, 127, 126, 193, 40, 58, 214, 58, 1, 0, 0, 0, 161, 234, 93, 21, 0, 0, 0, 0, 28, 47, 105, 190, 216, 159, 174, 64, 251, 0, 36, 60, 127, 127, 126, 193, 40, 58, 214, 58, 1, 0, 0, 0, 161, 234, 93, 21, 0, 0, 0, 0, 28, 47, 105, 190, 216, 159, 174, 64, 251, 0, 36, 60, 127, 127, 126, 193, 40, 58, 214, 58, 1, 0, 0, 0, 161, 234, 93, 21, 0, 0, 0, 0, 28, 47, 105, 190, 216, 159, 174, 64, 251, 0, 36, 60, 127, 127, 126, 193, 40, 58, 214, 58, 1, 0, 0, 0, 161, 234, 93, 21, 0, 0, 0, 0, 5, 96, 29, 191, 29, 228, 177, 64, 251, 0, 36, 60, 127, 127, 126, 193, 73, 49, 50, 58, 1, 0, 0, 0, 232, 222, 22, 33, 0, 0, 0, 0, 5, 96, 29, 191, 29, 228, 177, 64, 251, 0, 36, 60, 127, 127, 126, 193, 73, 49, 50, 58, 1, 0, 0, 0, 232, 222, 22, 33, 0, 0, 0, 0, 136, 19, 199, 190, 119, 138, 186, 64, 251, 0, 36, 60, 127, 129, 126, 193, 37, 56, 130, 56, 1, 0, 0, 0, 23, 248, 231, 7, 0, 0, 0, 0, 136, 19, 199, 190, 119, 138, 186, 64, 251, 0, 36, 60, 127, 127, 126, 193, 37, 56, 130, 56, 1, 0, 0, 0, 23, 248, 231, 7, 0, 0, 0, 0, 136, 19, 199, 190, 119, 138, 186, 64, 251, 0, 36, 60, 127, 127, 126, 193, 37, 56, 130, 56, 1, 0, 0, 0, 23, 248, 231, 7, 0, 0, 0, 0, 207, 184, 163, 190, 57, 79, 193, 64, 251, 0, 36, 60, 127, 129, 127, 193, 2, 57, 95, 54, 1, 3, 2, 0, 200, 254, 200, 0, 110, 0, 0, 0, 207, 184, 163, 190, 57, 79, 193, 64, 251, 0, 36, 60, 127, 127, 126, 193, 2, 57, 95, 54, 1, 3, 2, 0, 200, 254, 200, 0, 110, 0, 0, 0, 207, 184, 163, 190, 57, 79, 193, 64, 251, 0, 36, 60, 127, 127, 126, 193, 2, 57, 95, 54, 1, 3, 2, 0, 200, 254, 200, 0, 110, 0, 0, 0, 207, 184, 163, 190, 57, 79, 193, 64, 251, 0, 36, 60, 127, 127, 126, 193, 2, 57, 95, 54, 1, 3, 2, 0, 200, 254, 200, 0, 110, 0, 0, 0, 130, 111, 238, 190, 201, 80, 183, 64, 251, 0, 36, 60, 127, 129, 126, 193, 94, 54, 35, 57, 1, 0, 0, 0, 59, 240, 195, 15, 0, 0, 0, 0, 130, 111, 238, 190, 201, 80, 183, 64, 251, 0, 36, 60, 127, 129, 126, 193, 94, 54, 35, 57, 1, 0, 0, 0, 59, 240, 195, 15, 0, 0, 0, 0, 130, 111, 238, 190, 201, 80, 183, 64, 251, 0, 36, 60, 127, 129, 126, 193, 94, 54, 35, 57, 1, 0, 0, 0, 59, 240, 195, 15, 0, 0, 0, 0, 130, 111, 238, 190, 201, 80, 183, 64, 251, 0, 36, 60, 127, 127, 126, 193, 94, 54, 35, 57, 1, 0, 0, 0, 59, 240, 195, 15, 0, 0, 0, 0, 130, 111, 238, 190, 201, 80, 183, 64, 251, 0, 36, 60, 127, 127, 126, 193, 94, 54, 35, 57, 1, 0, 0, 0, 59, 240, 195, 15, 0, 0, 0, 0, 130, 111, 238, 190, 201, 80, 183, 64, 251, 0, 36, 60, 127, 127, 126, 193, 94, 54, 35, 57, 1, 0, 0, 0, 59, 240, 195, 15, 0, 0, 0, 0, 16, 145, 96, 190, 142, 123, 187, 64, 251, 0, 36, 60, 127, 129, 126, 193, 67, 58, 83, 56, 1, 0, 0, 0, 90, 255, 164, 0, 0, 0, 0, 0, 16, 145, 96, 190, 142, 123, 187, 64, 251, 0, 36, 60, 127, 127, 126, 193, 67, 58, 83, 56, 1, 0, 0, 0, 90, 255, 164, 0, 0, 0, 0, 0, 16, 145, 96, 190, 142, 123, 187, 64, 251, 0, 36, 60, 127, 127, 126, 193, 67, 58, 83, 56, 1, 0, 0, 0, 90, 255, 164, 0, 0, 0, 0, 0, 30, 162, 167, 190, 138, 176, 190, 64, 251, 0, 36, 60, 127, 129, 126, 193, 233, 56, 101, 55, 1, 0, 0, 0, 74, 253, 180, 2, 0, 0, 0, 0, 30, 162, 167, 190, 138, 176, 190, 64, 251, 0, 36, 60, 127, 127, 126, 193, 233, 56, 101, 55, 1, 0, 0, 0, 74, 253, 180, 2, 0, 0, 0, 0, 30, 162, 167, 190, 138, 176, 190, 64, 251, 0, 36, 60, 127, 127, 126, 193, 233, 56, 101, 55, 1, 0, 0, 0, 74, 253, 180, 2, 0, 0, 0, 0, 87, 76, 5, 191, 162, 27, 181, 64, 251, 0, 36, 60, 127, 129, 126, 193, 254, 52, 145, 57, 1, 0, 0, 0, 42, 233, 212, 22, 0, 0, 0, 0, 87, 76, 5, 191, 162, 27, 181, 64, 251, 0, 36, 60, 127, 129, 126, 193, 254, 52, 145, 57, 1, 0, 0, 0, 42, 233, 212, 22, 0, 0, 0, 0, 87, 76, 5, 191, 162, 27, 181, 64, 251, 0, 36, 60, 127, 127, 126, 193, 254, 52, 145, 57, 1, 0, 0, 0, 42, 233, 212, 22, 0, 0, 0, 0, 87, 76, 5, 191, 162, 27, 181, 64, 251, 0, 36, 60, 127, 127, 126, 193, 254, 52, 145, 57, 1, 0, 0, 0, 42, 233, 212, 22, 0, 0, 0, 0, 2, 58, 133, 190, 46, 172, 177, 64, 251, 0, 36, 60, 127, 129, 126, 193, 192, 57, 61, 58, 1, 0, 0, 0, 99, 240, 155, 15, 0, 0, 0, 0, 2, 58, 133, 190, 46, 172, 177, 64, 251, 0, 36, 60, 127, 127, 126, 193, 192, 57, 61, 58, 1, 0, 0, 0, 99, 240, 155, 15, 0, 0, 0, 0, 2, 58, 133, 190, 46, 172, 177, 64, 251, 0, 36, 60, 127, 127, 126, 193, 192, 57, 61, 58, 1, 0, 0, 0, 99, 240, 155, 15, 0, 0, 0, 0, 2, 58, 133, 190, 46, 172, 177, 64, 251, 0, 36, 60, 127, 127, 126, 193, 192, 57, 61, 58, 1, 0, 0, 0, 99, 240, 155, 15, 0, 0, 0, 0, 152, 62, 11, 190, 176, 44, 204, 64, 251, 0, 36, 60, 127, 129, 126, 193, 78, 59, 66, 48, 1, 2, 3, 0, 250, 221, 201, 18, 58, 15, 0, 0, 152, 62, 11, 190, 176, 44, 204, 64, 251, 0, 36, 60, 127, 127, 126, 193, 78, 59, 66, 48, 1, 2, 3, 0, 250, 221, 201, 18, 58, 15, 0, 0, 152, 62, 11, 190, 176, 44, 204, 64, 251, 0, 36, 60, 127, 127, 126, 193, 78, 59, 66, 48, 1, 2, 3, 0, 250, 221, 201, 18, 58, 15, 0, 0, 248, 54, 76, 190, 60, 200, 183, 64, 251, 0, 36, 60, 127, 129, 126, 193, 131, 58, 12, 57, 1, 0, 0, 0, 207, 251, 47, 4, 0, 0, 0, 0, 248, 54, 76, 190, 60, 200, 183, 64, 251, 0, 36, 60, 127, 127, 126, 193, 131, 58, 12, 57, 1, 0, 0, 0, 207, 251, 47, 4, 0, 0, 0, 0, 248, 54, 76, 190, 60, 200, 183, 64, 251, 0, 36, 60, 127, 127, 126, 193, 131, 58, 12, 57, 1, 0, 0, 0, 207, 251, 47, 4, 0, 0, 0, 0, 74, 93, 13, 191, 160, 76, 186, 64, 251, 0, 36, 60, 127, 129, 126, 193, 52, 52, 142, 56, 1, 0, 0, 0, 123, 244, 131, 11, 0, 0, 0, 0, 74, 93, 13, 191, 160, 76, 186, 64, 251, 0, 36, 60, 127, 127, 126, 193, 52, 52, 142, 56, 1, 0, 0, 0, 123, 244, 131, 11, 0, 0, 0, 0, 74, 93, 13, 191, 160, 76, 186, 64, 251, 0, 36, 60, 127, 127, 126, 193, 52, 52, 142, 56, 1, 0, 0, 0, 123, 244, 131, 11, 0, 0, 0, 0, 74, 93, 13, 191, 160, 76, 186, 64, 251, 0, 36, 60, 127, 127, 126, 193, 52, 52, 142, 56, 1, 0, 0, 0, 123, 244, 131, 11, 0, 0, 0, 0 ),
"array_index_data": PoolByteArray( 60, 0, 18, 0, 80, 0, 31, 0, 95, 0, 5, 0, 1, 0, 13, 0, 37, 0, 50, 0, 54, 0, 9, 0, 43, 0, 87, 0, 11, 0, 1, 0, 37, 0, 159, 0, 30, 0, 132, 0, 148, 0, 116, 0, 20, 0, 145, 0, 162, 0, 145, 0, 112, 0, 145, 0, 20, 0, 109, 0, 46, 0, 93, 0, 122, 0, 135, 0, 77, 0, 121, 0, 92, 0, 134, 0, 120, 0, 142, 0, 106, 0, 114, 0, 59, 0, 97, 0, 23, 0, 145, 0, 109, 0, 148, 0, 132, 0, 145, 0, 148, 0, 133, 0, 113, 0, 146, 0, 61, 0, 128, 0, 100, 0, 83, 0, 10, 0, 8, 0, 11, 0, 165, 0, 40, 0, 51, 0, 101, 0, 55, 0, 121, 0, 13, 0, 45, 0, 115, 0, 144, 0, 161, 0, 94, 0, 149, 0, 136, 0, 63, 0, 159, 0, 37, 0, 131, 0, 139, 0, 111, 0, 87, 0, 43, 0, 129, 0, 9, 0, 54, 0, 8, 0, 0, 0, 73, 0, 15, 0, 71, 0, 36, 0, 48, 0, 140, 0, 86, 0, 151, 0, 83, 0, 25, 0, 129, 0, 162, 0, 112, 0, 69, 0, 155, 0, 67, 0, 98, 0, 77, 0, 63, 0, 37, 0, 117, 0, 163, 0, 70, 0, 138, 0, 150, 0, 104, 0, 123, 0, 38, 0, 14, 0, 98, 0, 67, 0, 54, 0, 32, 0, 68, 0, 154, 0, 22, 0, 96, 0, 49, 0, 57, 0, 21, 0, 64, 0, 16, 0, 74, 0, 17, 0, 43, 0, 6, 0, 129, 0, 87, 0, 129, 0, 152, 0, 19, 0, 62, 0, 65, 0, 112, 0, 105, 0, 155, 0, 12, 0, 88, 0, 166, 0, 77, 0, 103, 0, 63, 0, 155, 0, 105, 0, 67, 0, 153, 0, 26, 0, 107, 0, 28, 0, 147, 0, 90, 0, 110, 0, 78, 0, 137, 0, 2, 0, 160, 0, 75, 0, 56, 0, 27, 0, 85, 0, 143, 0, 167, 0, 89, 0, 91, 0, 44, 0, 3, 0, 40, 0, 30, 0, 4, 0, 112, 0, 155, 0, 69, 0, 152, 0, 129, 0, 25, 0, 66, 0, 24, 0, 53, 0, 77, 0, 37, 0, 121, 0, 80, 0, 47, 0, 33, 0, 34, 0, 156, 0, 125, 0, 63, 0, 119, 0, 159, 0, 116, 0, 69, 0, 47, 0, 39, 0, 164, 0, 29, 0, 165, 0, 141, 0, 132, 0, 41, 0, 10, 0, 83, 0, 118, 0, 72, 0, 158, 0, 99, 0, 126, 0, 157, 0, 165, 0, 132, 0, 30, 0, 6, 0, 41, 0, 129, 0, 52, 0, 82, 0, 7, 0, 58, 0, 79, 0, 124, 0, 103, 0, 109, 0, 20, 0, 108, 0, 102, 0, 76, 0, 74, 0, 119, 0, 17, 0, 148, 0, 109, 0, 135, 0, 105, 0, 25, 0, 67, 0, 42, 0, 84, 0, 130, 0, 81, 0, 35, 0, 127, 0 ),
"blend_shape_data": [  ],
"format": 2194903,
"index_count": 249,
"material": SubResource( 6 ),
"primitive": 4,
"skeleton_aabb": [ AABB( -0.720475, 5.27083, 0.01001, 0.64, 0.783962, 9.99961e-06 ), AABB( -0.720475, 5.27083, 0.01001, 0.64, 1.28, 9.99961e-06 ), AABB( -0.463502, 6.04092, 0.01001, 0.383026, 0.509913, 9.99961e-06 ), AABB( -0.634817, 5.92568, 0.01001, 0.554342, 0.62515, 9.99961e-06 ) ],
"vertex_count": 168
}

[sub_resource type="Skin" id=8]
resource_name = "Skin"
bind_count = 22
bind/0/name = "Hips"
bind/0/bone = -1
bind/0/pose = Transform( -0.994309, -0.106533, 2.32167e-08, -0.106533, 0.994309, -3.96619e-08, -2.99965e-08, -4.15056e-09, -1, 0.52595, -4.30199, 1.9926e-08 )
bind/1/name = "Chest"
bind/1/bone = -1
bind/1/pose = Transform( -0.997932, 0.0642847, -6.12767e-09, 0.0642847, 0.997931, -3.69649e-08, -7.39851e-09, 4.76596e-10, -1, -0.33469, -5.027, -3.14128e-09 )
bind/2/name = "Neck"
bind/2/bone = -1
bind/2/pose = Transform( -0.985348, -0.170501, -0.0044623, -0.170503, 0.985357, -3.93484e-08, 0.00439695, 0.000760832, -0.99999, 1.21785, -6.50506, -0.00543445 )
bind/3/name = "Head"
bind/3/bone = -1
bind/3/pose = Transform( -0.998473, 2.23357e-08, -0.0552458, 2.37663e-08, 1, -3.7394e-08, 0.0552458, -1.70221e-09, -0.998473, 0.0449182, -6.88278, -0.00248533 )
bind/4/name = "Arm.L"
bind/4/bone = -1
bind/4/pose = Transform( 0.999108, 0.0423075, 6.14439e-09, 0.0423077, -0.999105, 3.74071e-08, -3.41576e-09, 6.45247e-10, -1, -0.431848, 6.2417, 0.38753 )
bind/5/name = "ForeArm.L"
bind/5/bone = -1
bind/5/pose = Transform( 0.955304, -0.295635, -8.71781e-08, -0.295636, -0.955301, 3.27786e-08, -1.04109e-07, 3.22185e-08, -1, 1.25638, 4.81044, 0.38753 )
bind/6/name = "Hand.L"
bind/6/bone = -1
bind/6/pose = Transform( 0.998911, -0.0467251, 6.04792e-09, -0.0467252, -0.998908, 3.71973e-08, -6.83402e-09, 3.19668e-10, -1, 0.30201, 3.84566, 0.38753 )
bind/7/name = "Arm.R"
bind/7/bone = -1
bind/7/pose = Transform( 0.999109, 0.0423075, 6.1444e-09, 0.0423078, -0.999105, 3.74071e-08, -3.41576e-09, 6.45247e-10, -1, -0.331938, 6.24593, -0.354205 )
bind/8/name = "ForeArm.R"
bind/8/bone = -1
bind/8/pose = Transform( 0.955305, -0.295635, -4.97861e-08, -0.295637, -0.955301, 3.27786e-08, -6.83888e-08, 2.11641e-08, -1, 1.35191, 4.78088, -0.354206 )
bind/9/name = "Hand.R"
bind/9/bone = -1
bind/9/pose = Transform( 0.998912, -0.0467251, -1.40531e-09, -0.0467252, -0.998908, 3.71973e-08, -1.42791e-08, 6.67923e-10, -1, 0.401901, 3.84099, -0.354205 )
bind/10/name = "LegUpper.L"
bind/10/bone = -1
bind/10/pose = Transform( 0.998727, 0.0523476, -8.3476e-09, 0.0523371, -0.998629, 5.65495e-08, -1.6569e-08, -1.91544e-08, -1, -0.371637, 3.98764, 0.238884 )
bind/11/name = "LegDown.L"
bind/11/bone = -1
bind/11/pose = Transform( 0.999289, 0.040219, -1.27741e-08, 0.0402074, -0.999191, 2.11623e-08, -2.31058e-08, 1.60957e-08, -1, -0.346262, 2.09207, 0.238884 )
bind/12/name = "Foot.L"
bind/12/bone = -1
bind/12/pose = Transform( 0.486096, -0.873925, 1.07538e-06, -0.874017, -0.486062, 8.57066e-09, 5.04056e-07, -9.06214e-07, -1, 0.147733, 0.462404, 0.238884 )
bind/13/name = "Penis"
bind/13/bone = -1
bind/13/pose = Transform( 1.71363e-07, -1, -3.13916e-07, -1, -2.98023e-07, -1.11372e-08, -6.73697e-14, 3.51675e-07, -1, 3.88283, -0.256576, -1.36621e-06 )
bind/14/name = "Tail1"
bind/14/bone = -1
bind/14/pose = Transform( 0.707107, 0.707107, 5.26836e-09, 0.707107, -0.707106, 3.45748e-08, 1.70362e-08, 1.70362e-08, -1, -3.49697, 2.72398, -8.49116e-08 )
bind/15/name = "Tail2"
bind/15/bone = -1
bind/15/pose = Transform( 0.707107, 0.707107, -6.32203e-08, 0.707107, -0.707106, 3.45748e-08, -3.13926e-08, -3.13926e-08, -1, -3.49697, 1.55751, 1.54591e-07 )
bind/16/name = "Tail3"
bind/16/bone = -1
bind/16/pose = Transform( 0.707107, 0.707107, 6.84886e-08, 0.707107, -0.707107, 3.45748e-08, 6.17396e-08, 6.17396e-08, -1, -3.49697, 0.335625, -3.05991e-07 )
bind/17/name = "Tail4"
bind/17/bone = -1
bind/17/pose = Transform( 0.707107, 0.707107, 6.84887e-08, 0.707107, -0.707106, 3.45748e-08, 6.17397e-08, 6.17397e-08, -1, -3.49697, -0.901812, -3.05991e-07 )
bind/18/name = "Tail5"
bind/18/bone = -1
bind/18/pose = Transform( 0.707107, 0.707107, -1.2644e-07, 0.707107, -0.707106, 3.45748e-08, -7.60961e-08, -7.60961e-08, -1, -3.49697, -2.11139, 3.7567e-07 )
bind/19/name = "LegUpper.R"
bind/19/bone = -1
bind/19/pose = Transform( 0.998727, 0.0523475, -1.58019e-08, 0.0523371, -0.998629, 4.0865e-08, -2.4777e-08, -3.87699e-09, -1, -0.271764, 3.99287, -0.209835 )
bind/20/name = "LegDown.R"
bind/20/bone = -1
bind/20/pose = Transform( 0.999289, 0.040219, -2.02282e-08, 0.0402074, -0.999191, 2.96705e-08, -3.01548e-08, 7.29915e-09, -1, -0.246333, 2.09609, -0.209835 )
bind/21/name = "Foot.R"
bind/21/bone = -1
bind/21/pose = Transform( 0.486096, -0.873925, 4.58786e-07, -0.874017, -0.486062, -1.14923e-08, 2.21924e-07, -3.57599e-07, -1, 0.196343, 0.375003, -0.209835 )

[node name="BreastsMedium" instance=ExtResource( 1 )]

[node name="breasts2png" type="MeshInstance" parent="." index="0"]
mesh = SubResource( 7 )
skin = SubResource( 8 )
material/0 = null
