[gd_scene load_steps=8 format=2]

[ext_resource path="res://Player/Player3D/Parts/Part3D.tscn" type="PackedScene" id=1]
[ext_resource path="res://Player/Player3D/Parts/Breasts/BreastsFlat/breastsflat.png" type="Texture" id=2]
[ext_resource path="res://Player/Player3D/Parts/AttachmentProxy.tscn" type="PackedScene" id=3]
[ext_resource path="res://Player/Player3D/Parts/MeshWithPattern.gd" type="Script" id=4]

[sub_resource type="SpatialMaterial" id=1]
resource_name = "breastsflat.png"
flags_transparent = true
flags_unshaded = true
vertex_color_use_as_albedo = true
params_cull_mode = 2
params_depth_draw_mode = 3
albedo_texture = ExtResource( 2 )

[sub_resource type="ArrayMesh" id=2]
resource_name = "Tail_breastsflatpng"
surfaces/0 = {
"aabb": AABB( -0.621249, 5.28611, 0.02001, 0.608037, 1.28001, 1.00005e-05 ),
"array_data": PoolByteArray( 0, 30, 224, 189, 137, 29, 210, 64, 3, 236, 163, 60, 127, 127, 127, 193, 204, 58, 0, 0, 1, 2, 3, 0, 2, 135, 9, 79, 242, 41, 0, 0, 0, 30, 224, 189, 137, 29, 210, 64, 3, 236, 163, 60, 127, 127, 126, 193, 204, 58, 0, 0, 1, 2, 3, 0, 2, 135, 9, 79, 242, 41, 0, 0, 0, 30, 224, 189, 137, 29, 210, 64, 3, 236, 163, 60, 127, 127, 127, 193, 204, 58, 0, 0, 1, 2, 3, 0, 2, 135, 9, 79, 242, 41, 0, 0, 20, 223, 175, 190, 203, 107, 205, 64, 3, 236, 163, 60, 127, 129, 126, 193, 190, 55, 85, 47, 1, 3, 2, 0, 250, 194, 210, 35, 50, 25, 0, 0, 20, 223, 175, 190, 203, 107, 205, 64, 3, 236, 163, 60, 127, 129, 126, 193, 190, 55, 85, 47, 1, 3, 2, 0, 250, 194, 210, 35, 50, 25, 0, 0, 20, 223, 175, 190, 203, 107, 205, 64, 3, 236, 163, 60, 127, 129, 126, 193, 190, 55, 85, 47, 1, 3, 2, 0, 250, 194, 210, 35, 50, 25, 0, 0, 202, 33, 13, 191, 68, 127, 192, 64, 3, 236, 163, 60, 127, 129, 126, 193, 24, 49, 225, 54, 1, 0, 3, 0, 146, 252, 197, 1, 166, 1, 0, 0, 202, 33, 13, 191, 68, 127, 192, 64, 3, 236, 163, 60, 127, 127, 126, 193, 24, 49, 225, 54, 1, 0, 3, 0, 146, 252, 197, 1, 166, 1, 0, 0, 202, 33, 13, 191, 68, 127, 192, 64, 3, 236, 163, 60, 127, 127, 126, 193, 24, 49, 225, 54, 1, 0, 3, 0, 146, 252, 197, 1, 166, 1, 0, 0, 38, 10, 31, 191, 129, 65, 177, 64, 3, 236, 163, 60, 127, 129, 126, 193, 100, 42, 106, 58, 1, 0, 0, 0, 15, 221, 239, 34, 0, 0, 0, 0, 38, 10, 31, 191, 129, 65, 177, 64, 3, 236, 163, 60, 127, 127, 126, 193, 100, 42, 106, 58, 1, 0, 0, 0, 15, 221, 239, 34, 0, 0, 0, 0, 38, 10, 31, 191, 134, 62, 170, 64, 3, 236, 163, 60, 127, 127, 126, 193, 100, 42, 201, 59, 1, 0, 0, 0, 226, 190, 28, 65, 0, 0, 0, 0, 38, 10, 31, 191, 124, 68, 184, 64, 3, 236, 163, 60, 127, 129, 126, 193, 100, 42, 12, 57, 1, 0, 0, 0, 104, 239, 150, 16, 0, 0, 0, 0, 38, 10, 31, 191, 124, 68, 184, 64, 3, 236, 163, 60, 127, 127, 126, 193, 100, 42, 12, 57, 1, 0, 0, 0, 104, 239, 150, 16, 0, 0, 0, 0, 218, 114, 246, 190, 13, 186, 200, 64, 3, 236, 163, 60, 127, 129, 126, 193, 75, 52, 85, 51, 1, 3, 2, 0, 67, 227, 251, 16, 192, 11, 0, 0, 218, 114, 246, 190, 13, 186, 200, 64, 3, 236, 163, 60, 127, 127, 126, 193, 75, 52, 85, 51, 1, 3, 2, 0, 67, 227, 251, 16, 192, 11, 0, 0, 218, 114, 246, 190, 13, 186, 200, 64, 3, 236, 163, 60, 127, 127, 126, 193, 75, 52, 85, 51, 1, 3, 2, 0, 67, 227, 251, 16, 192, 11, 0, 0, 156, 150, 82, 190, 137, 29, 210, 64, 3, 236, 163, 60, 127, 129, 126, 193, 152, 57, 0, 0, 1, 3, 2, 0, 225, 141, 85, 66, 200, 47, 0, 0, 156, 150, 82, 190, 137, 29, 210, 64, 3, 236, 163, 60, 127, 127, 127, 193, 152, 57, 0, 0, 1, 3, 2, 0, 225, 141, 85, 66, 200, 47, 0, 0, 64, 118, 88, 188, 137, 29, 210, 64, 3, 236, 163, 60, 127, 127, 127, 193, 0, 60, 0, 0, 1, 2, 3, 0, 65, 132, 211, 108, 234, 14, 0, 0, 64, 118, 88, 188, 198, 39, 169, 64, 3, 236, 163, 60, 127, 127, 126, 193, 0, 60, 0, 60, 1, 0, 0, 0, 14, 238, 240, 17, 0, 0, 0, 0, 115, 6, 11, 191, 198, 39, 169, 64, 3, 236, 163, 60, 127, 127, 127, 193, 129, 49, 0, 60, 1, 0, 0, 0, 134, 185, 120, 70, 0, 0, 0, 0, 115, 6, 11, 191, 198, 39, 169, 64, 3, 236, 163, 60, 127, 127, 126, 193, 129, 49, 0, 60, 1, 0, 0, 0, 134, 185, 120, 70, 0, 0, 0, 0, 64, 118, 88, 188, 168, 162, 189, 64, 3, 236, 163, 60, 127, 127, 126, 193, 0, 60, 255, 55, 1, 0, 0, 0, 255, 255, 0, 0, 0, 0, 0, 0, 76, 104, 142, 190, 198, 39, 169, 64, 3, 236, 163, 60, 127, 129, 126, 193, 176, 56, 0, 60, 1, 0, 0, 0, 92, 207, 162, 48, 0, 0, 0, 0, 76, 104, 142, 190, 198, 39, 169, 64, 3, 236, 163, 60, 127, 127, 127, 193, 176, 56, 0, 60, 1, 0, 0, 0, 92, 207, 162, 48, 0, 0, 0, 0, 126, 56, 136, 190, 121, 221, 176, 64, 3, 236, 163, 60, 127, 129, 126, 193, 214, 56, 126, 58, 1, 0, 0, 0, 83, 238, 171, 17, 0, 0, 0, 0, 126, 56, 136, 190, 121, 221, 176, 64, 3, 236, 163, 60, 127, 127, 126, 193, 214, 56, 126, 58, 1, 0, 0, 0, 83, 238, 171, 17, 0, 0, 0, 0, 126, 56, 136, 190, 121, 221, 176, 64, 3, 236, 163, 60, 127, 127, 126, 193, 214, 56, 126, 58, 1, 0, 0, 0, 83, 238, 171, 17, 0, 0, 0, 0, 140, 219, 122, 190, 152, 181, 189, 64, 3, 236, 163, 60, 127, 129, 126, 193, 26, 57, 248, 55, 1, 0, 0, 0, 255, 255, 0, 0, 0, 0, 0, 0, 140, 219, 122, 190, 152, 181, 189, 64, 3, 236, 163, 60, 127, 129, 126, 193, 26, 57, 248, 55, 1, 0, 0, 0, 255, 255, 0, 0, 0, 0, 0, 0, 140, 219, 122, 190, 152, 181, 189, 64, 3, 236, 163, 60, 127, 127, 126, 193, 26, 57, 248, 55, 1, 0, 0, 0, 255, 255, 0, 0, 0, 0, 0, 0, 140, 219, 122, 190, 152, 181, 189, 64, 3, 236, 163, 60, 127, 127, 126, 193, 26, 57, 248, 55, 1, 0, 0, 0, 255, 255, 0, 0, 0, 0, 0, 0, 140, 219, 122, 190, 152, 181, 189, 64, 3, 236, 163, 60, 127, 127, 126, 193, 26, 57, 248, 55, 1, 0, 0, 0, 255, 255, 0, 0, 0, 0, 0, 0, 247, 40, 211, 190, 236, 18, 203, 64, 3, 236, 163, 60, 127, 129, 126, 193, 5, 54, 128, 49, 1, 3, 2, 0, 132, 212, 16, 25, 105, 18, 0, 0, 247, 40, 211, 190, 236, 18, 203, 64, 3, 236, 163, 60, 127, 129, 126, 193, 5, 54, 128, 49, 1, 3, 2, 0, 132, 212, 16, 25, 105, 18, 0, 0, 248, 21, 22, 191, 224, 97, 188, 64, 3, 236, 163, 60, 127, 129, 126, 193, 177, 46, 62, 56, 1, 0, 3, 0, 185, 248, 69, 7, 0, 0, 0, 0, 248, 21, 22, 191, 224, 97, 188, 64, 3, 236, 163, 60, 127, 129, 126, 193, 177, 46, 62, 56, 1, 0, 3, 0, 185, 248, 69, 7, 0, 0, 0, 0, 248, 21, 22, 191, 224, 97, 188, 64, 3, 236, 163, 60, 127, 127, 126, 193, 177, 46, 62, 56, 1, 0, 3, 0, 185, 248, 69, 7, 0, 0, 0, 0, 38, 10, 31, 191, 4, 192, 173, 64, 3, 236, 163, 60, 127, 127, 126, 193, 100, 42, 26, 59, 1, 0, 0, 0, 218, 206, 36, 49, 0, 0, 0, 0, 38, 10, 31, 191, 254, 194, 180, 64, 3, 236, 163, 60, 127, 127, 126, 193, 100, 42, 187, 57, 1, 0, 0, 0, 164, 230, 90, 25, 0, 0, 0, 0, 38, 10, 31, 191, 254, 194, 180, 64, 3, 236, 163, 60, 127, 127, 126, 193, 100, 42, 187, 57, 1, 0, 0, 0, 164, 230, 90, 25, 0, 0, 0, 0, 155, 45, 4, 191, 169, 156, 196, 64, 3, 236, 163, 60, 127, 127, 126, 193, 216, 50, 70, 53, 1, 3, 2, 0, 167, 244, 172, 7, 171, 3, 0, 0, 155, 45, 4, 191, 169, 156, 196, 64, 3, 236, 163, 60, 127, 127, 126, 193, 216, 50, 70, 53, 1, 3, 2, 0, 167, 244, 172, 7, 171, 3, 0, 0, 49, 149, 140, 190, 170, 196, 207, 64, 3, 236, 163, 60, 127, 129, 126, 193, 187, 56, 85, 43, 1, 3, 2, 0, 180, 171, 241, 48, 88, 35, 0, 0, 49, 149, 140, 190, 170, 196, 207, 64, 3, 236, 163, 60, 127, 129, 126, 193, 187, 56, 85, 43, 1, 3, 2, 0, 180, 171, 241, 48, 88, 35, 0, 0, 49, 149, 140, 190, 170, 196, 207, 64, 3, 236, 163, 60, 127, 127, 126, 193, 187, 56, 85, 43, 1, 3, 2, 0, 180, 171, 241, 48, 88, 35, 0, 0, 64, 118, 88, 188, 55, 101, 179, 64, 3, 236, 163, 60, 127, 129, 126, 193, 0, 60, 0, 58, 1, 0, 0, 0, 30, 255, 224, 0, 0, 0, 0, 0, 64, 118, 88, 188, 55, 101, 179, 64, 3, 236, 163, 60, 127, 127, 126, 193, 0, 60, 0, 58, 1, 0, 0, 0, 30, 255, 224, 0, 0, 0, 0, 0, 153, 58, 210, 190, 198, 39, 169, 64, 3, 236, 163, 60, 127, 127, 126, 193, 16, 54, 0, 60, 1, 0, 0, 0, 68, 192, 186, 63, 0, 0, 0, 0, 44, 204, 215, 190, 112, 38, 194, 64, 3, 236, 163, 60, 127, 129, 126, 193, 203, 53, 60, 54, 1, 3, 2, 0, 35, 251, 142, 3, 77, 1, 0, 0, 44, 204, 215, 190, 112, 38, 194, 64, 3, 236, 163, 60, 127, 127, 126, 193, 203, 53, 60, 54, 1, 3, 2, 0, 35, 251, 142, 3, 77, 1, 0, 0, 44, 204, 215, 190, 112, 38, 194, 64, 3, 236, 163, 60, 127, 127, 126, 193, 203, 53, 60, 54, 1, 3, 2, 0, 35, 251, 142, 3, 77, 1, 0, 0, 64, 118, 88, 188, 24, 224, 199, 64, 3, 236, 163, 60, 127, 127, 126, 193, 0, 60, 255, 51, 1, 2, 0, 0, 88, 254, 166, 1, 0, 0, 0, 0, 64, 118, 88, 188, 24, 224, 199, 64, 3, 236, 163, 60, 127, 127, 126, 193, 0, 60, 255, 51, 1, 2, 0, 0, 88, 254, 166, 1, 0, 0, 0, 0, 252, 43, 21, 190, 198, 39, 169, 64, 3, 236, 163, 60, 127, 127, 126, 193, 88, 58, 0, 60, 1, 0, 0, 0, 21, 227, 233, 28, 0, 0, 0, 0, 136, 229, 249, 189, 142, 23, 182, 64, 3, 236, 163, 60, 127, 129, 126, 193, 163, 58, 121, 57, 1, 0, 0, 0, 46, 253, 208, 2, 0, 0, 0, 0, 136, 229, 249, 189, 142, 23, 182, 64, 3, 236, 163, 60, 127, 127, 126, 193, 163, 58, 121, 57, 1, 0, 0, 0, 46, 253, 208, 2, 0, 0, 0, 0, 100, 224, 53, 190, 106, 118, 206, 64, 3, 236, 163, 60, 127, 129, 126, 193, 241, 57, 181, 45, 1, 2, 3, 0, 117, 190, 162, 34, 231, 30, 0, 0, 100, 224, 53, 190, 106, 118, 206, 64, 3, 236, 163, 60, 127, 129, 126, 193, 241, 57, 181, 45, 1, 2, 3, 0, 117, 190, 162, 34, 231, 30, 0, 0, 100, 224, 53, 190, 106, 118, 206, 64, 3, 236, 163, 60, 127, 127, 126, 193, 241, 57, 181, 45, 1, 2, 3, 0, 117, 190, 162, 34, 231, 30, 0, 0, 100, 224, 53, 190, 106, 118, 206, 64, 3, 236, 163, 60, 127, 127, 126, 193, 241, 57, 181, 45, 1, 2, 3, 0, 117, 190, 162, 34, 231, 30, 0, 0, 100, 224, 53, 190, 106, 118, 206, 64, 3, 236, 163, 60, 127, 127, 127, 193, 241, 57, 181, 45, 1, 2, 3, 0, 117, 190, 162, 34, 231, 30, 0, 0, 56, 225, 16, 191, 221, 10, 173, 64, 3, 236, 163, 60, 127, 129, 126, 193, 93, 48, 61, 59, 1, 0, 0, 0, 6, 205, 248, 50, 0, 0, 0, 0, 56, 225, 16, 191, 221, 10, 173, 64, 3, 236, 163, 60, 127, 127, 126, 193, 93, 48, 61, 59, 1, 0, 0, 0, 6, 205, 248, 50, 0, 0, 0, 0, 56, 225, 16, 191, 221, 10, 173, 64, 3, 236, 163, 60, 127, 127, 126, 193, 93, 48, 61, 59, 1, 0, 0, 0, 6, 205, 248, 50, 0, 0, 0, 0, 203, 27, 178, 190, 153, 141, 201, 64, 3, 236, 163, 60, 127, 129, 126, 193, 162, 55, 176, 50, 1, 3, 2, 0, 229, 219, 66, 20, 215, 15, 0, 0, 203, 27, 178, 190, 153, 141, 201, 64, 3, 236, 163, 60, 127, 129, 126, 193, 162, 55, 176, 50, 1, 3, 2, 0, 229, 219, 66, 20, 215, 15, 0, 0, 203, 27, 178, 190, 153, 141, 201, 64, 3, 236, 163, 60, 127, 129, 126, 193, 162, 55, 176, 50, 1, 3, 2, 0, 229, 219, 66, 20, 215, 15, 0, 0, 203, 27, 178, 190, 153, 141, 201, 64, 3, 236, 163, 60, 127, 127, 126, 193, 162, 55, 176, 50, 1, 3, 2, 0, 229, 219, 66, 20, 215, 15, 0, 0, 203, 27, 178, 190, 153, 141, 201, 64, 3, 236, 163, 60, 127, 127, 126, 193, 162, 55, 176, 50, 1, 3, 2, 0, 229, 219, 66, 20, 215, 15, 0, 0, 164, 173, 160, 190, 157, 73, 181, 64, 3, 236, 163, 60, 127, 129, 126, 193, 62, 56, 161, 57, 1, 0, 0, 0, 61, 243, 193, 12, 0, 0, 0, 0, 164, 173, 160, 190, 157, 73, 181, 64, 3, 236, 163, 60, 127, 127, 126, 193, 62, 56, 161, 57, 1, 0, 0, 0, 61, 243, 193, 12, 0, 0, 0, 0, 164, 173, 160, 190, 157, 73, 181, 64, 3, 236, 163, 60, 127, 127, 126, 193, 62, 56, 161, 57, 1, 0, 0, 0, 61, 243, 193, 12, 0, 0, 0, 0, 64, 118, 88, 188, 126, 70, 174, 64, 3, 236, 163, 60, 127, 127, 126, 193, 0, 60, 0, 59, 1, 0, 0, 0, 127, 255, 127, 0, 0, 0, 0, 0, 64, 118, 88, 188, 126, 70, 174, 64, 3, 236, 163, 60, 127, 127, 126, 193, 0, 60, 0, 59, 1, 0, 0, 0, 127, 255, 127, 0, 0, 0, 0, 0, 105, 241, 236, 190, 153, 31, 190, 64, 3, 236, 163, 60, 127, 129, 126, 193, 194, 52, 207, 55, 1, 0, 3, 0, 24, 251, 95, 4, 135, 0, 0, 0, 105, 241, 236, 190, 153, 31, 190, 64, 3, 236, 163, 60, 127, 129, 126, 193, 194, 52, 207, 55, 1, 0, 3, 0, 24, 251, 95, 4, 135, 0, 0, 0, 105, 241, 236, 190, 153, 31, 190, 64, 3, 236, 163, 60, 127, 127, 126, 193, 194, 52, 207, 55, 1, 0, 3, 0, 24, 251, 95, 4, 135, 0, 0, 0, 105, 241, 236, 190, 153, 31, 190, 64, 3, 236, 163, 60, 127, 127, 126, 193, 194, 52, 207, 55, 1, 0, 3, 0, 24, 251, 95, 4, 135, 0, 0, 0, 105, 241, 236, 190, 153, 31, 190, 64, 3, 236, 163, 60, 127, 127, 126, 193, 194, 52, 207, 55, 1, 0, 3, 0, 24, 251, 95, 4, 135, 0, 0, 0, 228, 28, 172, 190, 224, 100, 173, 64, 3, 236, 163, 60, 127, 129, 126, 193, 237, 55, 44, 59, 1, 0, 0, 0, 185, 221, 69, 34, 0, 0, 0, 0, 228, 28, 172, 190, 224, 100, 173, 64, 3, 236, 163, 60, 127, 127, 126, 193, 237, 55, 44, 59, 1, 0, 0, 0, 185, 221, 69, 34, 0, 0, 0, 0, 228, 28, 172, 190, 224, 100, 173, 64, 3, 236, 163, 60, 127, 127, 126, 193, 237, 55, 44, 59, 1, 0, 0, 0, 185, 221, 69, 34, 0, 0, 0, 0, 112, 111, 166, 189, 29, 95, 172, 64, 3, 236, 163, 60, 127, 127, 126, 193, 38, 59, 95, 59, 1, 0, 0, 0, 156, 249, 98, 6, 0, 0, 0, 0, 112, 111, 166, 189, 29, 95, 172, 64, 3, 236, 163, 60, 127, 127, 126, 193, 38, 59, 95, 59, 1, 0, 0, 0, 156, 249, 98, 6, 0, 0, 0, 0, 64, 118, 88, 188, 96, 193, 194, 64, 3, 236, 163, 60, 127, 127, 126, 193, 0, 60, 255, 53, 1, 0, 0, 0, 255, 255, 0, 0, 0, 0, 0, 0, 208, 201, 130, 190, 134, 207, 184, 64, 3, 236, 163, 60, 127, 129, 126, 193, 248, 56, 241, 56, 1, 0, 0, 0, 187, 250, 67, 5, 0, 0, 0, 0, 208, 201, 130, 190, 134, 207, 184, 64, 3, 236, 163, 60, 127, 129, 126, 193, 248, 56, 241, 56, 1, 0, 0, 0, 187, 250, 67, 5, 0, 0, 0, 0, 208, 201, 130, 190, 134, 207, 184, 64, 3, 236, 163, 60, 127, 127, 127, 193, 248, 56, 241, 56, 1, 0, 0, 0, 187, 250, 67, 5, 0, 0, 0, 0, 180, 68, 130, 190, 246, 176, 203, 64, 3, 236, 163, 60, 127, 129, 126, 193, 252, 56, 4, 49, 1, 3, 2, 0, 141, 210, 24, 25, 88, 20, 0, 0, 180, 68, 130, 190, 246, 176, 203, 64, 3, 236, 163, 60, 127, 129, 126, 193, 252, 56, 4, 49, 1, 3, 2, 0, 141, 210, 24, 25, 88, 20, 0, 0, 180, 68, 130, 190, 246, 176, 203, 64, 3, 236, 163, 60, 127, 127, 126, 193, 252, 56, 4, 49, 1, 3, 2, 0, 141, 210, 24, 25, 88, 20, 0, 0, 180, 68, 130, 190, 246, 176, 203, 64, 3, 236, 163, 60, 127, 127, 126, 193, 252, 56, 4, 49, 1, 3, 2, 0, 141, 210, 24, 25, 88, 20, 0, 0, 152, 127, 1, 190, 155, 209, 191, 64, 3, 236, 163, 60, 127, 129, 126, 193, 149, 58, 37, 55, 1, 0, 0, 0, 255, 255, 0, 0, 0, 0, 0, 0, 152, 127, 1, 190, 155, 209, 191, 64, 3, 236, 163, 60, 127, 127, 126, 193, 149, 58, 37, 55, 1, 0, 0, 0, 255, 255, 0, 0, 0, 0, 0, 0, 152, 127, 1, 190, 155, 209, 191, 64, 3, 236, 163, 60, 127, 127, 126, 193, 149, 58, 37, 55, 1, 0, 0, 0, 255, 255, 0, 0, 0, 0, 0, 0, 174, 15, 203, 190, 126, 110, 198, 64, 3, 236, 163, 60, 127, 127, 126, 193, 106, 54, 144, 52, 1, 3, 2, 0, 248, 233, 136, 13, 125, 8, 0, 0, 174, 15, 203, 190, 126, 110, 198, 64, 3, 236, 163, 60, 127, 127, 126, 193, 106, 54, 144, 52, 1, 3, 2, 0, 248, 233, 136, 13, 125, 8, 0, 0, 174, 15, 203, 190, 126, 110, 198, 64, 3, 236, 163, 60, 127, 127, 126, 193, 106, 54, 144, 52, 1, 3, 2, 0, 248, 233, 136, 13, 125, 8, 0, 0, 50, 170, 87, 190, 239, 5, 173, 64, 3, 236, 163, 60, 127, 129, 126, 193, 136, 57, 62, 59, 1, 0, 0, 0, 161, 230, 93, 25, 0, 0, 0, 0, 50, 170, 87, 190, 239, 5, 173, 64, 3, 236, 163, 60, 127, 127, 126, 193, 136, 57, 62, 59, 1, 0, 0, 0, 161, 230, 93, 25, 0, 0, 0, 0, 50, 166, 148, 190, 116, 182, 195, 64, 3, 236, 163, 60, 127, 129, 126, 193, 137, 56, 160, 53, 1, 3, 2, 0, 58, 248, 200, 4, 251, 2, 0, 0, 50, 166, 148, 190, 116, 182, 195, 64, 3, 236, 163, 60, 127, 129, 126, 193, 137, 56, 160, 53, 1, 3, 2, 0, 58, 248, 200, 4, 251, 2, 0, 0, 50, 166, 148, 190, 116, 182, 195, 64, 3, 236, 163, 60, 127, 127, 126, 193, 137, 56, 160, 53, 1, 3, 2, 0, 58, 248, 200, 4, 251, 2, 0, 0, 50, 166, 148, 190, 116, 182, 195, 64, 3, 236, 163, 60, 127, 127, 126, 193, 137, 56, 160, 53, 1, 3, 2, 0, 58, 248, 200, 4, 251, 2, 0, 0, 50, 166, 148, 190, 116, 182, 195, 64, 3, 236, 163, 60, 127, 127, 126, 193, 137, 56, 160, 53, 1, 3, 2, 0, 58, 248, 200, 4, 251, 2, 0, 0, 64, 118, 88, 188, 239, 131, 184, 64, 3, 236, 163, 60, 127, 127, 126, 193, 0, 60, 0, 57, 1, 0, 0, 0, 255, 255, 0, 0, 0, 0, 0, 0, 0, 151, 186, 190, 230, 148, 187, 64, 3, 236, 163, 60, 127, 129, 126, 193, 56, 55, 102, 56, 1, 0, 0, 0, 112, 249, 142, 6, 0, 0, 0, 0, 0, 151, 186, 190, 230, 148, 187, 64, 3, 236, 163, 60, 127, 129, 126, 193, 56, 55, 102, 56, 1, 0, 0, 0, 112, 249, 142, 6, 0, 0, 0, 0, 0, 151, 186, 190, 230, 148, 187, 64, 3, 236, 163, 60, 127, 127, 127, 193, 56, 55, 102, 56, 1, 0, 0, 0, 112, 249, 142, 6, 0, 0, 0, 0, 0, 151, 186, 190, 230, 148, 187, 64, 3, 236, 163, 60, 127, 127, 126, 193, 56, 55, 102, 56, 1, 0, 0, 0, 112, 249, 142, 6, 0, 0, 0, 0, 64, 118, 88, 188, 209, 254, 204, 64, 3, 236, 163, 60, 127, 129, 126, 193, 0, 60, 0, 48, 1, 2, 3, 0, 2, 244, 220, 10, 31, 1, 0, 0, 64, 118, 88, 188, 209, 254, 204, 64, 3, 236, 163, 60, 127, 127, 126, 193, 0, 60, 0, 48, 1, 2, 3, 0, 2, 244, 220, 10, 31, 1, 0, 0, 64, 118, 88, 188, 209, 254, 204, 64, 3, 236, 163, 60, 127, 127, 126, 193, 0, 60, 0, 48, 1, 2, 3, 0, 2, 244, 220, 10, 31, 1, 0, 0, 192, 9, 21, 190, 255, 223, 201, 64, 3, 236, 163, 60, 127, 129, 126, 193, 88, 58, 112, 50, 1, 2, 3, 0, 212, 231, 96, 12, 201, 11, 0, 0, 192, 9, 21, 190, 255, 223, 201, 64, 3, 236, 163, 60, 127, 127, 126, 193, 88, 58, 112, 50, 1, 2, 3, 0, 212, 231, 96, 12, 201, 11, 0, 0, 192, 9, 21, 190, 255, 223, 201, 64, 3, 236, 163, 60, 127, 127, 126, 193, 88, 58, 112, 50, 1, 2, 3, 0, 212, 231, 96, 12, 201, 11, 0, 0, 192, 9, 21, 190, 255, 223, 201, 64, 3, 236, 163, 60, 127, 127, 126, 193, 88, 58, 112, 50, 1, 2, 3, 0, 212, 231, 96, 12, 201, 11, 0, 0, 62, 229, 30, 190, 10, 201, 176, 64, 3, 236, 163, 60, 127, 129, 126, 193, 57, 58, 130, 58, 1, 0, 0, 0, 205, 244, 49, 11, 0, 0, 0, 0, 62, 229, 30, 190, 10, 201, 176, 64, 3, 236, 163, 60, 127, 127, 126, 193, 57, 58, 130, 58, 1, 0, 0, 0, 205, 244, 49, 11, 0, 0, 0, 0, 62, 229, 30, 190, 10, 201, 176, 64, 3, 236, 163, 60, 127, 127, 126, 193, 57, 58, 130, 58, 1, 0, 0, 0, 205, 244, 49, 11, 0, 0, 0, 0, 252, 165, 206, 190, 229, 66, 182, 64, 3, 236, 163, 60, 127, 127, 126, 193, 61, 54, 112, 57, 1, 0, 0, 0, 73, 240, 181, 15, 0, 0, 0, 0, 252, 165, 206, 190, 229, 66, 182, 64, 3, 236, 163, 60, 127, 127, 126, 193, 61, 54, 112, 57, 1, 0, 0, 0, 73, 240, 181, 15, 0, 0, 0, 0, 252, 236, 244, 190, 242, 132, 175, 64, 3, 236, 163, 60, 127, 129, 126, 193, 94, 52, 193, 58, 1, 0, 0, 0, 4, 220, 250, 35, 0, 0, 0, 0, 252, 236, 244, 190, 242, 132, 175, 64, 3, 236, 163, 60, 127, 129, 126, 193, 94, 52, 193, 58, 1, 0, 0, 0, 4, 220, 250, 35, 0, 0, 0, 0, 252, 236, 244, 190, 242, 132, 175, 64, 3, 236, 163, 60, 127, 127, 126, 193, 94, 52, 193, 58, 1, 0, 0, 0, 4, 220, 250, 35, 0, 0, 0, 0, 148, 106, 78, 190, 0, 4, 180, 64, 3, 236, 163, 60, 127, 127, 126, 193, 165, 57, 224, 57, 1, 0, 0, 0, 254, 246, 0, 9, 0, 0, 0, 0, 126, 228, 252, 190, 63, 160, 185, 64, 3, 236, 163, 60, 127, 129, 126, 193, 246, 51, 200, 56, 1, 0, 0, 0, 248, 243, 6, 12, 0, 0, 0, 0, 126, 228, 252, 190, 63, 160, 185, 64, 3, 236, 163, 60, 127, 129, 126, 193, 246, 51, 200, 56, 1, 0, 0, 0, 248, 243, 6, 12, 0, 0, 0, 0, 126, 228, 252, 190, 63, 160, 185, 64, 3, 236, 163, 60, 127, 127, 126, 193, 246, 51, 200, 56, 1, 0, 0, 0, 248, 243, 6, 12, 0, 0, 0, 0, 126, 228, 252, 190, 63, 160, 185, 64, 3, 236, 163, 60, 127, 127, 126, 193, 246, 51, 200, 56, 1, 0, 0, 0, 248, 243, 6, 12, 0, 0, 0, 0, 55, 171, 142, 190, 100, 39, 200, 64, 3, 236, 163, 60, 127, 127, 126, 193, 174, 56, 200, 51, 1, 3, 2, 0, 251, 229, 131, 14, 127, 11, 0, 0, 55, 171, 142, 190, 100, 39, 200, 64, 3, 236, 163, 60, 127, 127, 126, 193, 174, 56, 200, 51, 1, 3, 2, 0, 251, 229, 131, 14, 127, 11, 0, 0, 55, 171, 142, 190, 100, 39, 200, 64, 3, 236, 163, 60, 127, 127, 126, 193, 174, 56, 200, 51, 1, 3, 2, 0, 251, 229, 131, 14, 127, 11, 0, 0, 192, 64, 22, 190, 189, 150, 197, 64, 3, 236, 163, 60, 127, 129, 126, 193, 84, 58, 228, 52, 1, 3, 2, 0, 163, 251, 169, 2, 177, 1, 0, 0, 192, 64, 22, 190, 189, 150, 197, 64, 3, 236, 163, 60, 127, 127, 126, 193, 84, 58, 228, 52, 1, 3, 2, 0, 163, 251, 169, 2, 177, 1, 0, 0, 192, 64, 22, 190, 189, 150, 197, 64, 3, 236, 163, 60, 127, 127, 126, 193, 84, 58, 228, 52, 1, 3, 2, 0, 163, 251, 169, 2, 177, 1, 0, 0, 192, 64, 22, 190, 189, 150, 197, 64, 3, 236, 163, 60, 127, 127, 126, 193, 84, 58, 228, 52, 1, 3, 2, 0, 163, 251, 169, 2, 177, 1, 0, 0, 144, 230, 6, 190, 110, 45, 187, 64, 3, 236, 163, 60, 127, 129, 126, 193, 132, 58, 122, 56, 1, 0, 0, 0, 255, 255, 0, 0, 0, 0, 0, 0, 144, 230, 6, 190, 110, 45, 187, 64, 3, 236, 163, 60, 127, 127, 126, 193, 132, 58, 122, 56, 1, 0, 0, 0, 255, 255, 0, 0, 0, 0, 0, 0, 144, 230, 6, 190, 110, 45, 187, 64, 3, 236, 163, 60, 127, 127, 126, 193, 132, 58, 122, 56, 1, 0, 0, 0, 255, 255, 0, 0, 0, 0, 0, 0, 76, 19, 105, 190, 234, 4, 194, 64, 3, 236, 163, 60, 127, 129, 126, 193, 81, 57, 73, 54, 1, 3, 2, 0, 37, 254, 33, 1, 184, 0, 0, 0, 76, 19, 105, 190, 234, 4, 194, 64, 3, 236, 163, 60, 127, 129, 126, 193, 81, 57, 73, 54, 1, 3, 2, 0, 37, 254, 33, 1, 184, 0, 0, 0, 76, 19, 105, 190, 234, 4, 194, 64, 3, 236, 163, 60, 127, 127, 126, 193, 81, 57, 73, 54, 1, 3, 2, 0, 37, 254, 33, 1, 184, 0, 0, 0, 76, 19, 105, 190, 234, 4, 194, 64, 3, 236, 163, 60, 127, 127, 126, 193, 81, 57, 73, 54, 1, 3, 2, 0, 37, 254, 33, 1, 184, 0, 0, 0, 76, 19, 105, 190, 234, 4, 194, 64, 3, 236, 163, 60, 127, 127, 126, 193, 81, 57, 73, 54, 1, 3, 2, 0, 37, 254, 33, 1, 184, 0, 0, 0, 181, 117, 200, 190, 254, 88, 178, 64, 3, 236, 163, 60, 127, 129, 126, 193, 138, 54, 52, 58, 1, 0, 0, 0, 41, 232, 213, 23, 0, 0, 0, 0, 181, 117, 200, 190, 254, 88, 178, 64, 3, 236, 163, 60, 127, 127, 126, 193, 138, 54, 52, 58, 1, 0, 0, 0, 41, 232, 213, 23, 0, 0, 0, 0, 181, 117, 200, 190, 254, 88, 178, 64, 3, 236, 163, 60, 127, 127, 126, 193, 138, 54, 52, 58, 1, 0, 0, 0, 41, 232, 213, 23, 0, 0, 0, 0, 181, 117, 200, 190, 254, 88, 178, 64, 3, 236, 163, 60, 127, 127, 126, 193, 138, 54, 52, 58, 1, 0, 0, 0, 41, 232, 213, 23, 0, 0, 0, 0, 180, 3, 9, 191, 10, 59, 183, 64, 3, 236, 163, 60, 127, 127, 126, 193, 230, 49, 64, 57, 1, 0, 0, 0, 12, 238, 242, 17, 0, 0, 0, 0, 180, 3, 9, 191, 10, 59, 183, 64, 3, 236, 163, 60, 127, 127, 126, 193, 230, 49, 64, 57, 1, 0, 0, 0, 12, 238, 242, 17, 0, 0, 0, 0, 14, 80, 226, 190, 98, 206, 171, 64, 3, 236, 163, 60, 127, 129, 126, 193, 71, 53, 123, 59, 1, 0, 0, 0, 241, 205, 13, 50, 0, 0, 0, 0, 14, 80, 226, 190, 98, 206, 171, 64, 3, 236, 163, 60, 127, 127, 126, 193, 71, 53, 123, 59, 1, 0, 0, 0, 241, 205, 13, 50, 0, 0, 0, 0, 14, 80, 226, 190, 98, 206, 171, 64, 3, 236, 163, 60, 127, 127, 126, 193, 71, 53, 123, 59, 1, 0, 0, 0, 241, 205, 13, 50, 0, 0, 0, 0, 104, 139, 174, 190, 76, 250, 191, 64, 3, 236, 163, 60, 127, 129, 126, 193, 206, 55, 21, 55, 1, 0, 0, 0, 146, 254, 108, 1, 0, 0, 0, 0, 104, 139, 174, 190, 76, 250, 191, 64, 3, 236, 163, 60, 127, 129, 126, 193, 206, 55, 21, 55, 1, 0, 0, 0, 146, 254, 108, 1, 0, 0, 0, 0, 104, 139, 174, 190, 76, 250, 191, 64, 3, 236, 163, 60, 127, 127, 126, 193, 206, 55, 21, 55, 1, 0, 0, 0, 146, 254, 108, 1, 0, 0, 0, 0, 104, 139, 174, 190, 76, 250, 191, 64, 3, 236, 163, 60, 127, 127, 126, 193, 206, 55, 21, 55, 1, 0, 0, 0, 146, 254, 108, 1, 0, 0, 0, 0, 104, 139, 174, 190, 76, 250, 191, 64, 3, 236, 163, 60, 127, 127, 126, 193, 206, 55, 21, 55, 1, 0, 0, 0, 146, 254, 108, 1, 0, 0, 0, 0, 167, 99, 2, 191, 44, 169, 179, 64, 3, 236, 163, 60, 127, 129, 126, 193, 49, 51, 242, 57, 1, 0, 0, 0, 0, 230, 254, 25, 0, 0, 0, 0, 167, 99, 2, 191, 44, 169, 179, 64, 3, 236, 163, 60, 127, 127, 126, 193, 49, 51, 242, 57, 1, 0, 0, 0, 0, 230, 254, 25, 0, 0, 0, 0, 167, 99, 2, 191, 44, 169, 179, 64, 3, 236, 163, 60, 127, 127, 126, 193, 49, 51, 242, 57, 1, 0, 0, 0, 0, 230, 254, 25, 0, 0, 0, 0 ),
"array_index_data": PoolByteArray( 35, 0, 67, 0, 3, 0, 53, 0, 136, 0, 86, 0, 66, 0, 34, 0, 14, 0, 74, 0, 84, 0, 20, 0, 10, 0, 39, 0, 64, 0, 79, 0, 111, 0, 159, 0, 139, 0, 30, 0, 88, 0, 27, 0, 101, 0, 120, 0, 57, 0, 48, 0, 107, 0, 126, 0, 148, 0, 162, 0, 114, 0, 1, 0, 61, 0, 113, 0, 19, 0, 0, 0, 163, 0, 152, 0, 41, 0, 160, 0, 32, 0, 145, 0, 49, 0, 82, 0, 154, 0, 153, 0, 125, 0, 63, 0, 11, 0, 64, 0, 39, 0, 138, 0, 106, 0, 146, 0, 95, 0, 86, 0, 136, 0, 11, 0, 21, 0, 64, 0, 132, 0, 92, 0, 69, 0, 89, 0, 72, 0, 127, 0, 94, 0, 135, 0, 143, 0, 119, 0, 47, 0, 56, 0, 132, 0, 69, 0, 97, 0, 162, 0, 40, 0, 10, 0, 10, 0, 64, 0, 126, 0, 158, 0, 110, 0, 31, 0, 113, 0, 116, 0, 53, 0, 151, 0, 162, 0, 122, 0, 116, 0, 132, 0, 136, 0, 75, 0, 121, 0, 85, 0, 57, 0, 107, 0, 140, 0, 151, 0, 122, 0, 130, 0, 81, 0, 24, 0, 100, 0, 110, 0, 130, 0, 122, 0, 51, 0, 97, 0, 42, 0, 78, 0, 158, 0, 51, 0, 36, 0, 77, 0, 6, 0, 90, 0, 4, 0, 68, 0, 78, 0, 51, 0, 7, 0, 8, 0, 52, 0, 43, 0, 126, 0, 82, 0, 148, 0, 72, 0, 89, 0, 122, 0, 38, 0, 131, 0, 80, 0, 151, 0, 130, 0, 13, 0, 84, 0, 101, 0, 55, 0, 101, 0, 25, 0, 55, 0, 18, 0, 62, 0, 2, 0, 5, 0, 91, 0, 45, 0, 151, 0, 13, 0, 40, 0, 148, 0, 122, 0, 162, 0, 46, 0, 92, 0, 60, 0, 116, 0, 60, 0, 92, 0, 23, 0, 140, 0, 107, 0, 141, 0, 96, 0, 33, 0, 23, 0, 86, 0, 95, 0, 140, 0, 89, 0, 57, 0, 127, 0, 27, 0, 120, 0, 84, 0, 55, 0, 20, 0, 48, 0, 120, 0, 74, 0, 49, 0, 154, 0, 21, 0, 140, 0, 23, 0, 95, 0, 82, 0, 101, 0, 27, 0, 50, 0, 157, 0, 103, 0, 154, 0, 82, 0, 126, 0, 155, 0, 65, 0, 22, 0, 98, 0, 105, 0, 133, 0, 150, 0, 73, 0, 123, 0, 44, 0, 59, 0, 17, 0, 147, 0, 26, 0, 71, 0, 129, 0, 37, 0, 12, 0, 89, 0, 127, 0, 57, 0, 115, 0, 112, 0, 58, 0, 104, 0, 136, 0, 132, 0, 84, 0, 120, 0, 101, 0, 156, 0, 142, 0, 102, 0, 161, 0, 9, 0, 124, 0, 54, 0, 117, 0, 137, 0, 149, 0, 83, 0, 28, 0, 144, 0, 31, 0, 95, 0, 110, 0, 122, 0, 89, 0, 93, 0, 134, 0, 118, 0, 128, 0, 108, 0, 76, 0, 87, 0, 29, 0, 109, 0, 27, 0, 127, 0, 72, 0, 70, 0, 16, 0, 99, 0, 97, 0, 15, 0, 42, 0, 82, 0, 49, 0, 25, 0, 51, 0, 104, 0, 97, 0, 120, 0, 57, 0, 127, 0 ),
"blend_shape_data": [  ],
"format": 2194903,
"index_count": 273,
"material": SubResource( 1 ),
"primitive": 4,
"skeleton_aabb": [ AABB( -0.621249, 5.28611, 0.02001, 0.608037, 0.72944, 1.00005e-05 ), AABB( -0.621249, 5.28611, 0.02001, 0.608037, 1.28001, 1.00005e-05 ), AABB( -0.516321, 6.0631, 0.02001, 0.503109, 0.503016, 1.00005e-05 ), AABB( -0.586273, 5.88695, 0.02001, 0.573061, 0.679168, 1.00005e-05 ) ],
"vertex_count": 164
}

[sub_resource type="Skin" id=3]
resource_name = "Skin"
bind_count = 22
bind/0/name = "Hips"
bind/0/bone = -1
bind/0/pose = Transform( -0.994309, -0.106533, 2.32167e-08, -0.106533, 0.994309, -3.96619e-08, -2.99965e-08, -4.15056e-09, -1, 0.52595, -4.30199, 1.9926e-08 )
bind/1/name = "Chest"
bind/1/bone = -1
bind/1/pose = Transform( -0.997932, 0.0642847, -6.12767e-09, 0.0642847, 0.997931, -3.69649e-08, -7.39851e-09, 4.76596e-10, -1, -0.33469, -5.027, -3.14128e-09 )
bind/2/name = "Neck"
bind/2/bone = -1
bind/2/pose = Transform( -0.985348, -0.170501, -0.0044623, -0.170503, 0.985357, -3.93484e-08, 0.00439695, 0.000760832, -0.99999, 1.21785, -6.50506, -0.00543445 )
bind/3/name = "Head"
bind/3/bone = -1
bind/3/pose = Transform( -0.998473, 2.23357e-08, -0.0552458, 2.37663e-08, 1, -3.7394e-08, 0.0552458, -1.70221e-09, -0.998473, 0.0449182, -6.88278, -0.00248533 )
bind/4/name = "Arm.L"
bind/4/bone = -1
bind/4/pose = Transform( 0.999108, 0.0423075, 6.14439e-09, 0.0423077, -0.999105, 3.74071e-08, -3.41576e-09, 6.45247e-10, -1, -0.431848, 6.2417, 0.38753 )
bind/5/name = "ForeArm.L"
bind/5/bone = -1
bind/5/pose = Transform( 0.955304, -0.295635, -8.71781e-08, -0.295636, -0.955301, 3.27786e-08, -1.04109e-07, 3.22185e-08, -1, 1.25638, 4.81044, 0.38753 )
bind/6/name = "Hand.L"
bind/6/bone = -1
bind/6/pose = Transform( 0.998911, -0.0467251, 6.04792e-09, -0.0467252, -0.998908, 3.71973e-08, -6.83402e-09, 3.19668e-10, -1, 0.30201, 3.84566, 0.38753 )
bind/7/name = "Arm.R"
bind/7/bone = -1
bind/7/pose = Transform( 0.999109, 0.0423075, 6.1444e-09, 0.0423078, -0.999105, 3.74071e-08, -3.41576e-09, 6.45247e-10, -1, -0.331938, 6.24593, -0.354205 )
bind/8/name = "ForeArm.R"
bind/8/bone = -1
bind/8/pose = Transform( 0.955305, -0.295635, -4.97861e-08, -0.295637, -0.955301, 3.27786e-08, -6.83888e-08, 2.11641e-08, -1, 1.35191, 4.78088, -0.354206 )
bind/9/name = "Hand.R"
bind/9/bone = -1
bind/9/pose = Transform( 0.998912, -0.0467251, -1.40531e-09, -0.0467252, -0.998908, 3.71973e-08, -1.42791e-08, 6.67923e-10, -1, 0.401901, 3.84099, -0.354205 )
bind/10/name = "LegUpper.L"
bind/10/bone = -1
bind/10/pose = Transform( 0.998727, 0.0523476, -8.3476e-09, 0.0523371, -0.998629, 5.65495e-08, -1.6569e-08, -1.91544e-08, -1, -0.371637, 3.98764, 0.238884 )
bind/11/name = "LegDown.L"
bind/11/bone = -1
bind/11/pose = Transform( 0.999289, 0.040219, -1.27741e-08, 0.0402074, -0.999191, 2.11623e-08, -2.31058e-08, 1.60957e-08, -1, -0.346262, 2.09207, 0.238884 )
bind/12/name = "Foot.L"
bind/12/bone = -1
bind/12/pose = Transform( 0.486096, -0.873925, 1.07538e-06, -0.874017, -0.486062, 8.57066e-09, 5.04056e-07, -9.06214e-07, -1, 0.147733, 0.462404, 0.238884 )
bind/13/name = "Penis"
bind/13/bone = -1
bind/13/pose = Transform( 1.71363e-07, -1, -3.13916e-07, -1, -2.98023e-07, -1.11372e-08, -6.73697e-14, 3.51675e-07, -1, 3.88283, -0.256576, -1.36621e-06 )
bind/14/name = "Tail1"
bind/14/bone = -1
bind/14/pose = Transform( 0.707107, 0.707107, 5.26836e-09, 0.707107, -0.707106, 3.45748e-08, 1.70362e-08, 1.70362e-08, -1, -3.49697, 2.72398, -8.49116e-08 )
bind/15/name = "Tail2"
bind/15/bone = -1
bind/15/pose = Transform( 0.707107, 0.707107, -6.32203e-08, 0.707107, -0.707106, 3.45748e-08, -3.13926e-08, -3.13926e-08, -1, -3.49697, 1.55751, 1.54591e-07 )
bind/16/name = "Tail3"
bind/16/bone = -1
bind/16/pose = Transform( 0.707107, 0.707107, 6.84886e-08, 0.707107, -0.707107, 3.45748e-08, 6.17396e-08, 6.17396e-08, -1, -3.49697, 0.335625, -3.05991e-07 )
bind/17/name = "Tail4"
bind/17/bone = -1
bind/17/pose = Transform( 0.707107, 0.707107, 6.84887e-08, 0.707107, -0.707106, 3.45748e-08, 6.17397e-08, 6.17397e-08, -1, -3.49697, -0.901812, -3.05991e-07 )
bind/18/name = "Tail5"
bind/18/bone = -1
bind/18/pose = Transform( 0.707107, 0.707107, -1.2644e-07, 0.707107, -0.707106, 3.45748e-08, -7.60961e-08, -7.60961e-08, -1, -3.49697, -2.11139, 3.7567e-07 )
bind/19/name = "LegUpper.R"
bind/19/bone = -1
bind/19/pose = Transform( 0.998727, 0.0523475, -1.58019e-08, 0.0523371, -0.998629, 4.0865e-08, -2.4777e-08, -3.87699e-09, -1, -0.271764, 3.99287, -0.209835 )
bind/20/name = "LegDown.R"
bind/20/bone = -1
bind/20/pose = Transform( 0.999289, 0.040219, -2.02282e-08, 0.0402074, -0.999191, 2.96705e-08, -3.01548e-08, 7.29915e-09, -1, -0.246333, 2.09609, -0.209835 )
bind/21/name = "Foot.R"
bind/21/bone = -1
bind/21/pose = Transform( 0.486096, -0.873925, 4.58786e-07, -0.874017, -0.486062, -1.14923e-08, 2.21924e-07, -3.57599e-07, -1, 0.196343, 0.375003, -0.209835 )

[node name="BreastsFlat" instance=ExtResource( 1 )]

[node name="breastsflatpng" type="MeshInstance" parent="." index="0"]
mesh = SubResource( 2 )
skin = SubResource( 3 )
material/0 = SubResource( 1 )
script = ExtResource( 4 )
pattern_start = Vector2( 0.219, 0.52 )
pattern_size = Vector2( 0.25, 0.5 )
bodypartSlot = "breasts"

[node name="AttachmentProxy" parent="." index="1" instance=ExtResource( 3 )]
transform = Transform( 0.974702, 0.223505, 0, -0.223505, 0.974702, 0, 0, 0, 1, -0.60085, 5.77395, 0.043 )
boneId = "Chest"
zoneName = "breastpump"
scaleWithBone = false
chainOffset = Vector3( -0.3, 0, 0 )

[node name="AttachmentProxy2" parent="." index="2" instance=ExtResource( 3 )]
transform = Transform( 0.999999, 0, 0, 0, 0.999999, 0, 0, 0, 1, -0.505803, 5.77395, 0.043 )
boneId = "Chest"
zoneName = "nipples"
scaleWithBone = false
